1812 
719 
1285 
1636 
915 
218 
1679 
1208 
29 
1262 
375 
74 
1877 
654 
662 
565 
165 
256 
1022 
885 
46 402 
430 1802 
1885 80 
538 2019 
860 1407 
1614 1223 
2062 1299 
1630 524 
1917 808 
12 236 
1697 1691 
634 543 
1738 2037 
2050 273 
216 334 
1029 653 
1739 15 
1826 1496 
1722 976 
78 4 
1526 174 371 54 664 
1143 1579 103 949 1595 
699 1221 83 851 770 
507 1604 56 1403 321 
1897 587 1766 559 710 
57 394 1276 1883 1780 
236 1777 1401 861 101 
359 534 407 1952 1079 
419 1734 1973 42 902 
1627 670 993 826 84 
2054 1211 473 1493 984 
2016 1259 2005 1203 1669 
1619 604 1861 396 706 
1712 1085 1440 151 364 
55 423 1741 1398 1826 
1523 924 989 926 403 
1340 507 1400 1152 514 
1197 1378 1151 1296 1147 
1410 493 97 1511 1819 
64 1111 686 1754 1289 
932 1205 1672 1152 453 1576 977 1568 1723 1677 
1152 460 1134 892 47 774 1429 713 1846 273 
583 183 1080 147 889 1615 971 24 638 965 
495 1836 478 917 108 377 733 407 1457 334 
1756 895 880 1018 1429 861 984 500 191 953 
1115 315 1814 165 739 185 1823 940 730 1792 
1106 553 1930 527 1417 1635 153 42 1497 135 
1394 1620 462 1719 718 1980 577 771 382 502 
1932 36 1233 515 980 1460 481 370 470 79 
1710 180 844 935 76 1765 25 1507 1611 267 
758 1739 1186 151 1014 1364 820 125 1717 390 
1132 1465 418 1875 1485 45 1906 1247 2063 1110 
647 1724 152 1235 1008 353 587 633 714 1503 
1731 536 44 975 1878 406 54 240 1709 87 
1208 882 426 37 1942 1117 1524 899 1404 1275 
987 1029 484 760 1365 1104 2028 1698 118 711 
1676 1372 1650 1035 230 445 1164 1779 1037 709 
1463 282 957 2007 1018 507 1393 767 622 1620 
215 1019 2016 1782 1810 169 612 2053 458 945 
882 1099 1532 1808 312 1028 2079 1210 1127 1503 
1810 1411 2016 1943 1652 532 1645 348 1244 1119 1023 763 858 939 1216 577 
382 712 335 2052 1461 643 1384 2026 1859 1026 426 1669 1465 98 1430 199 
361 1849 221 669 103 1968 1962 373 98 303 1778 996 113 1796 698 1743 
1967 1475 2071 1425 1983 623 1778 396 1287 71 653 814 1411 1295 639 458 
466 1777 1321 1470 1620 12 1437 87 1682 498 1565 1068 1681 616 1865 1462 
1011 161 1383 1833 1098 614 2043 1595 1920 1893 1606 835 1800 856 899 1718 
2078 158 770 1895 1595 837 304 499 340 875 1155 164 264 1670 1350 1596 
1267 1 1179 2023 1461 1680 406 472 2064 1641 848 1776 2000 740 1400 163 
1665 1538 1146 1811 453 1470 239 901 480 1586 863 332 932 608 1130 635 
1263 496 1310 1510 1819 380 1267 1132 89 1313 1521 2073 645 2011 1029 1107 
1040 1964 532 381 1665 878 1346 170 1120 979 1797 231 1273 328 1983 504 150 330 662 1151 
1840 1995 1433 1205 588 571 110 1880 1005 309 258 490 1058 711 1450 394 926 1050 876 244 
2012 1034 1201 707 82 629 344 2016 1275 1439 661 1088 275 662 1304 1991 596 723 1855 1620 
1797 602 741 1397 1158 1891 1556 589 81 1366 185 1864 37 461 2049 1847 1122 370 1880 1708 
1010 2040 1752 918 1702 558 162 1339 1039 1438 252 1807 1231 189 539 985 549 1772 732 1248 
1504 1615 762 1360 1477 66 1709 1293 1160 1532 1553 602 1304 981 1622 341 1851 1641 1200 2071 
439 1241 1155 1131 30 1267 759 106 2082 1829 948 1633 1835 807 1533 2058 1129 1062 979 1620 
1953 112 1657 677 1957 1037 2065 1346 1363 1917 504 1511 1911 1186 282 501 1946 629 330 1647 
876 814 1699 827 1767 1560 1247 765 1554 199 290 99 381 63 1108 1526 494 1749 848 1765 
1495 1471 1712 944 978 1904 396 1539 1731 1836 199 343 2064 433 1416 1190 1733 804 1605 1088 
173 2015 1772 1896 598 1200 748 1363 1894 1514 1233 721 1895 1944 536 1365 1953 688 2043 497 1862 1626 343 181 166 1204 264 182 1384 771 303 1139 942 1198 191 538 1331 1178 1231 1762 1208 1293 781 1455 635 1838 1250 820 1239 697 
189 558 737 720 291 1953 692 196 860 607 1460 1439 182 950 1859 1696 97 794 102 924 187 1820 756 1175 444 1778 812 1775 96 1193 708 638 695 1056 318 273 1005 954 413 144 1071 733 829 1 906 200 1583 1981 890 1846 
30 206 2007 1365 1084 616 1620 1670 1774 1582 1710 831 1454 875 1640 931 659 1440 1224 199 265 1848 1270 693 1994 1558 1828 2014 94 648 1746 1095 271 1509 2019 101 990 122 1280 992 210 1511 1703 120 530 1396 959 2016 805 410 
1829 39 1917 1244 965 80 241 1645 768 1170 1828 1498 1599 1124 1798 2073 374 791 1356 495 1259 294 88 781 1175 1842 32 1434 1025 775 595 494 1163 1864 758 1471 336 492 164 1231 1206 901 2008 149 1130 133 407 1504 1294 1611 
1281 813 1114 680 238 1699 646 467 20 1363 2022 1707 662 1942 1455 1000 370 908 1197 325 3 1142 18 412 1362 1196 1909 1090 262 1528 178 512 468 815 1710 70 805 521 1848 717 157 1330 955 947 1836 323 935 180 753 296 
1524 1262 1091 1645 1721 1160 171 1508 1074 1541 1696 777 1498 1878 1281 1431 2084 1390 933 1530 2040 1562 1010 228 2079 1379 421 769 1128 938 1208 1135 2081 424 2013 1659 2041 543 1584 37 927 783 1809 1947 601 662 613 84 1766 1071 
605 1701 1600 1271 900 1670 709 999 1706 16 858 1882 1222 215 2053 356 255 1415 1787 1291 426 464 1921 415 1987 266 1180 1502 576 62 1279 1329 682 556 865 350 1569 1140 1509 1347 303 1190 182 278 963 98 864 1119 75 1952 
301 2032 838 1293 531 344 101 1331 1046 728 364 576 1062 818 417 894 1466 1092 485 1300 357 716 634 715 876 743 420 1287 241 114 1855 1846 1555 571 76 846 183 1719 855 1572 1303 2054 402 1079 1063 1629 705 861 659 403 
1200 1845 1049 506 1182 735 78 232 2039 50 1616 852 1444 1967 620 1834 716 1953 715 1775 1938 1223 1697 2006 417 1771 1706 370 1820 1422 1609 838 754 1842 1389 607 696 410 1553 221 958 258 1106 1718 107 542 1171 1486 1246 1708 
433 893 424 147 1823 1022 392 986 471 1924 802 347 1562 1029 178 262 711 1628 1076 1418 1964 136 505 546 2032 1208 370 1346 731 777 126 291 1443 886 174 757 1723 1825 197 1118 371 982 848 1977 1227 2002 1411 1926 1635 1617 
