123 
24 
0 
203 
189 
87 
172 
86 
135 
202 
32 
40 
105 
3 
141 
24 
48 
15 
227 
54 
59 
159 
17 
157 
224 
82 
220 
155 
85 
134 
211 
219 
187 
28 
132 
73 
81 
85 
161 
104 
191 
114 
166 
4 
186 
128 
156 
211 
204 
202 
196 
132 
8 
148 
1 
213 
45 
94 
151 
91 
185 170 
75 205 
167 10 
148 187 
200 75 
181 209 
185 186 
11 175 
143 181 
37 79 
30 209 
3 187 
210 136 
136 220 
160 127 
98 225 
74 49 
119 15 
174 226 
33 134 
61 17 
113 53 
25 77 
117 141 
214 100 
47 8 
17 6 
190 173 
88 30 
97 1 
183 122 
18 116 
202 232 
1 133 
192 21 
198 82 
205 92 
222 217 
225 79 
96 57 
42 204 
150 120 
15 7 
93 3 
218 92 
146 132 
147 73 
71 56 
191 172 
69 174 
215 210 
12 158 
100 180 
231 161 
158 101 
198 162 
208 231 
122 60 
180 58 
79 61 
215 89 1 120 3 
171 187 165 58 74 
4 158 126 105 161 
117 118 127 168 57 
107 163 161 113 122 
229 178 198 67 104 
185 166 136 111 222 
6 219 97 92 173 
167 115 132 126 186 
164 49 122 34 24 
5 47 219 18 199 
49 104 95 172 14 
141 208 93 175 34 
30 133 31 78 109 
210 175 37 165 89 
175 130 68 150 66 
28 184 15 157 228 
126 202 22 11 110 
19 185 153 96 81 
200 74 177 17 161 
199 3 198 20 195 
124 33 216 18 177 
132 226 71 129 6 
143 119 87 144 43 
90 219 10 17 212 
109 102 7 150 80 
86 153 16 188 206 
161 209 125 34 48 
212 107 99 42 51 
41 155 24 7 158 
88 4 218 179 96 
211 7 4 141 182 
136 77 182 229 207 
13 35 25 169 42 
63 206 41 164 99 
36 230 11 129 102 
23 123 64 121 36 
142 53 181 33 15 
64 223 104 121 218 
132 187 71 39 163 
14 179 202 57 29 
193 12 134 42 95 
23 225 7 8 69 
207 132 88 83 128 
10 196 62 234 193 
142 43 9 94 207 
92 37 127 176 163 
41 187 104 76 179 
215 13 166 139 45 
82 10 153 224 199 
167 183 169 181 85 
52 79 68 49 191 
123 17 46 7 216 
108 181 25 155 162 
80 44 62 59 118 
30 162 35 103 138 
75 146 150 125 95 
69 99 166 63 88 
188 169 192 205 193 
58 144 228 114 59 
103 99 46 63 111 10 105 53 184 44 
187 106 216 165 30 142 168 93 145 96 
157 188 90 42 141 3 12 94 233 22 
41 46 23 214 50 33 223 177 155 79 
196 183 102 70 15 159 142 145 153 33 
55 175 170 112 54 190 180 123 183 59 
210 228 5 63 128 0 131 106 181 27 
94 51 215 120 112 171 18 116 39 133 
101 133 137 151 148 64 187 77 221 97 
94 163 228 109 112 141 204 119 203 124 
48 202 75 39 126 31 3 105 68 20 
11 40 57 46 21 185 207 193 88 200 
142 181 98 7 149 164 96 30 128 147 
106 150 120 33 31 99 224 146 193 82 
3 41 215 94 141 175 200 23 58 111 
129 39 89 53 200 139 195 9 79 76 
38 209 184 15 192 194 218 113 98 0 
206 122 189 219 158 86 177 21 72 186 
149 214 81 79 126 3 135 200 46 194 
152 121 137 164 160 131 24 16 75 128 
98 161 63 176 222 126 156 182 108 151 
32 179 198 83 195 7 72 229 146 97 
208 107 139 23 148 134 120 106 71 131 
232 138 142 49 79 157 3 229 137 208 
122 218 22 185 180 56 215 228 91 33 
43 145 168 54 188 98 23 129 52 57 
88 160 98 105 2 110 17 218 201 74 
16 45 192 146 122 163 189 62 118 117 
147 102 76 18 176 86 45 226 142 75 
104 37 140 166 52 189 221 93 156 192 
17 22 185 4 52 195 229 126 76 36 
149 146 194 60 170 217 0 152 32 97 
101 23 232 31 58 112 13 102 5 175 
121 218 223 107 9 164 85 36 50 140 
183 47 39 45 188 104 201 66 77 127 
47 96 217 14 179 218 172 108 221 167 
98 175 132 36 35 85 97 192 77 223 
44 85 226 64 176 227 110 41 94 34 
58 204 202 200 73 47 112 128 107 75 
46 49 64 156 12 77 92 13 116 89 
219 212 1 117 45 145 42 179 81 7 
176 109 118 216 53 218 8 183 184 143 
163 197 68 199 209 84 87 80 152 158 
44 134 162 39 42 43 143 93 77 222 
38 229 223 137 14 3 32 158 186 40 
59 223 43 53 171 203 76 10 155 157 
40 4 64 189 35 87 221 103 30 29 
76 223 135 206 176 139 119 155 23 202 
119 38 152 186 108 40 208 138 78 89 
33 191 114 56 50 163 223 187 85 182 
14 217 163 182 186 5 94 101 152 111 
76 72 86 176 133 4 183 142 143 45 
44 104 107 177 112 117 10 184 23 127 
36 49 184 119 31 193 122 142 39 132 
31 228 197 198 224 138 55 121 9 7 
135 86 99 139 171 91 184 20 146 56 
80 38 135 120 116 180 70 89 119 123 
132 211 104 150 229 78 115 69 22 1 
129 76 53 81 158 19 144 182 124 159 
104 8 167 217 171 12 17 5 147 223 
79 67 192 210 175 121 198 217 172 101 139 88 37 197 40 84 
122 161 113 22 75 144 5 135 186 199 105 227 164 58 91 114 
87 79 25 132 174 180 91 181 77 18 173 231 147 188 230 21 
25 24 229 68 114 5 209 216 194 178 94 34 135 221 90 65 
18 71 1 219 56 194 91 131 95 74 112 156 25 162 23 48 
166 113 189 223 143 80 230 221 55 163 164 92 131 67 184 142 
52 18 69 191 28 216 41 199 62 8 24 167 169 14 26 201 
188 228 109 200 214 144 192 44 1 148 11 215 72 138 90 28 
124 94 213 224 129 108 73 80 130 24 168 33 199 13 21 233 
101 34 79 18 73 186 150 154 173 142 123 138 26 59 93 113 
167 215 46 53 20 165 11 151 50 107 67 212 126 140 179 199 
81 171 30 165 119 190 221 41 22 152 77 155 143 103 135 214 
106 163 191 7 16 65 34 59 115 227 85 112 139 41 152 185 
165 153 170 95 162 126 133 124 18 102 194 164 216 88 179 80 
141 229 196 162 174 188 228 34 201 146 106 164 225 121 59 81 
100 10 40 11 184 141 29 154 213 150 134 50 75 191 76 54 
147 107 95 55 178 212 114 157 8 50 214 35 126 213 123 170 
223 187 59 176 90 100 96 107 84 196 206 40 34 192 71 163 
57 98 23 114 42 27 224 167 5 149 2 10 211 103 6 206 
194 219 89 105 8 193 138 198 220 77 59 68 47 96 25 174 
88 33 224 44 190 22 1 57 148 204 14 100 205 74 27 210 
14 153 207 175 116 137 92 148 64 62 179 70 63 162 110 167 
147 185 69 111 73 200 170 136 8 61 154 98 178 214 124 138 
90 30 139 153 203 40 169 35 91 161 83 99 158 186 192 208 
45 10 214 117 12 47 25 197 162 60 68 38 188 198 5 209 
178 28 114 73 10 147 83 143 78 49 35 154 207 138 211 0 
133 210 119 71 227 230 24 172 231 75 106 137 65 3 136 184 
105 187 38 94 207 194 10 73 180 34 137 189 216 41 191 35 
148 90 60 194 20 57 14 182 67 224 13 217 2 141 173 6 
120 51 142 157 129 197 207 65 55 160 80 20 158 216 67 14 
201 218 132 173 45 146 178 142 122 103 143 95 79 211 175 30 44 107 56 0 
138 0 201 127 24 136 3 102 97 59 44 33 21 157 20 18 154 101 105 96 
86 79 109 163 136 219 118 213 68 175 231 46 162 22 66 15 181 150 53 43 
187 75 92 145 57 8 206 111 179 83 62 98 58 10 157 17 195 22 159 128 
189 170 0 42 15 107 185 182 195 90 33 88 32 63 101 223 46 4 103 113 
4 22 34 78 81 17 41 207 99 102 223 175 195 169 6 136 218 204 69 208 
3 124 107 83 39 152 139 187 203 41 194 50 113 16 221 209 87 136 188 38 
37 131 40 133 92 207 122 17 161 93 95 90 15 162 157 219 24 61 112 181 
197 36 82 232 151 201 114 143 211 168 223 33 18 50 93 157 196 136 40 81 
173 55 9 140 182 214 50 80 222 56 69 111 66 30 194 21 49 34 118 132 
100 133 118 94 9 129 62 197 24 191 131 206 203 68 45 228 114 13 147 164 
63 194 70 99 221 133 136 183 71 222 106 191 138 123 121 132 113 74 102 128 
83 169 63 150 42 29 67 195 182 170 178 186 100 40 12 33 10 106 77 92 
51 77 143 223 166 85 162 228 149 13 107 54 165 186 188 14 8 211 4 196 
201 112 178 128 206 143 207 145 26 107 147 55 90 191 209 19 124 6 58 104 
198 195 106 223 202 174 121 99 17 116 229 39 96 5 140 172 61 180 173 170 
87 8 169 19 81 64 190 170 66 200 30 171 119 212 216 210 215 183 118 36 
25 213 187 93 5 156 149 234 38 160 146 102 120 141 222 132 28 155 31 165 
201 116 147 86 127 24 106 12 34 16 134 212 179 196 108 163 84 98 185 33 
173 60 96 2 55 104 24 192 4 139 197 46 194 49 1 84 142 113 102 170 
108 115 94 153 4 19 55 3 183 15 210 18 148 151 21 132 173 130 8 90 
16 139 4 2 151 138 162 33 176 82 83 58 152 133 105 62 224 123 44 26 
64 136 36 219 24 227 45 72 211 196 41 106 208 102 152 189 69 26 93 155 
21 110 183 187 111 2 149 229 141 122 232 145 178 107 181 190 228 54 14 46 
184 27 200 207 2 122 67 191 177 62 91 88 45 116 164 89 117 44 198 155 
54 14 122 47 42 13 110 19 94 119 112 130 12 97 18 175 5 136 28 91 
146 61 14 85 106 120 126 194 26 18 150 168 47 93 20 29 132 125 231 35 
1 172 25 224 145 42 167 110 177 46 108 219 81 157 41 54 49 158 227 113 
13 8 121 65 124 166 133 122 127 86 71 141 129 91 198 7 181 200 199 208 
214 174 15 88 29 144 159 101 223 45 160 91 217 218 64 190 120 106 157 39 
86 191 16 41 219 157 6 66 205 221 210 174 119 139 189 29 93 24 88 170 43 154 192 212 75 22 38 30 85 84 23 68 44 3 220 217 69 138 96 81 27 206 71 145 204 18 152 83 116 227 
217 182 3 5 147 38 91 190 10 80 160 176 68 142 174 61 164 206 192 100 144 146 62 228 63 215 126 180 64 197 79 30 138 42 227 178 202 131 83 92 194 154 184 104 145 173 22 31 122 133 
56 204 86 111 195 187 81 149 116 232 69 27 163 206 120 20 134 177 137 21 193 131 36 160 146 75 97 222 122 178 218 103 99 32 156 192 125 229 132 151 55 196 11 28 168 231 40 57 215 211 
67 51 47 218 219 183 114 80 27 148 205 38 222 72 226 11 106 154 25 105 136 126 16 101 141 153 227 178 171 193 191 120 225 199 46 207 224 20 186 169 82 35 8 66 137 201 77 165 10 13 
100 40 133 84 122 155 104 218 165 166 184 94 47 153 53 132 111 169 158 181 136 87 163 9 99 220 204 121 124 20 81 142 212 72 66 125 160 13 170 5 148 55 46 24 29 192 145 61 119 116 
85 63 127 91 205 167 214 12 52 58 92 157 70 145 166 211 183 86 110 188 149 135 76 131 195 158 133 221 36 154 40 180 27 45 95 170 128 64 94 26 50 13 116 99 31 146 233 174 30 234 
83 221 57 73 77 105 100 212 156 59 56 186 22 2 225 58 198 46 30 170 61 217 160 128 8 18 155 195 219 20 222 158 184 182 78 38 94 85 88 11 142 193 27 95 28 223 194 139 29 14 
173 15 112 149 10 200 99 210 219 50 48 206 178 129 121 115 172 93 47 77 209 166 27 68 142 162 70 12 101 154 175 164 24 104 194 63 180 25 169 43 1 221 34 193 8 220 125 26 39 137 
135 76 94 29 226 193 155 42 32 41 47 199 103 85 233 139 123 28 109 165 46 183 14 158 0 180 58 55 77 152 95 60 222 4 52 141 187 105 117 118 71 195 62 91 167 102 11 200 198 137 
144 154 97 222 137 121 0 9 140 106 120 95 80 114 59 85 42 194 142 187 207 132 157 219 193 226 49 161 50 88 70 215 84 32 48 176 51 37 155 30 105 31 16 168 41 60 163 145 23 138 
173 111 117 161 146 212 130 185 180 168 181 192 209 93 176 221 116 160 152 162 220 133 50 2 19 53 32 165 187 46 179 16 1 79 164 90 22 78 96 12 198 102 113 201 174 4 216 169 44 148 
111 16 148 133 181 179 223 172 53 125 191 94 190 226 210 174 109 143 118 173 185 15 202 119 21 200 99 47 169 162 156 7 14 23 49 141 158 79 52 136 205 146 214 93 92 4 33 82 161 216 
145 154 75 201 156 41 142 115 221 165 108 138 126 195 179 119 229 193 34 7 174 171 72 176 211 131 218 10 30 46 210 54 3 66 106 58 181 112 6 73 59 44 79 207 39 225 214 153 178 68 
27 58 219 154 195 216 47 121 98 167 74 61 87 102 34 156 194 57 103 6 80 31 79 187 56 3 131 124 70 128 202 32 135 21 211 208 212 84 204 20 43 94 139 42 215 160 199 225 119 155 
123 80 165 48 228 5 102 156 225 164 42 141 63 199 171 95 115 25 216 97 111 23 179 83 67 132 182 3 10 136 66 229 79 220 205 219 223 203 55 52 105 144 99 145 181 159 154 128 162 43 
85 112 0 43 219 78 90 50 51 11 198 129 201 226 117 87 13 98 103 21 32 126 49 29 44 95 5 194 136 220 221 12 170 92 70 83 6 15 140 64 171 150 69 197 46 42 36 71 163 154 
116 197 193 108 23 109 218 180 220 111 39 83 90 140 79 97 27 146 200 117 186 28 42 55 211 11 88 217 99 204 65 214 176 36 185 105 155 188 170 15 228 78 183 207 61 63 48 94 147 60 
34 193 84 69 68 54 36 111 183 92 185 106 164 227 217 2 141 155 125 51 61 86 16 219 158 212 100 144 40 161 128 23 177 178 215 70 198 221 110 4 109 77 129 78 135 37 175 172 42 174 
217 30 48 124 151 120 190 88 105 183 37 1 133 187 131 134 84 85 106 12 38 86 143 15 117 146 32 171 201 112 111 95 128 206 51 25 216 168 69 122 13 184 161 42 54 115 123 113 154 202 
127 225 12 72 219 49 83 153 158 57 133 93 10 99 179 183 141 35 178 202 77 189 42 144 123 70 7 224 43 58 184 190 106 180 5 89 37 52 84 185 109 143 206 36 199 135 96 216 203 22 
209 72 37 75 225 205 192 22 201 111 67 165 77 7 227 133 71 167 10 116 66 87 143 206 57 92 120 140 151 183 135 163 80 41 233 127 20 18 187 35 113 86 32 21 171 223 185 99 26 47 
83 214 139 103 60 193 12 161 131 39 173 181 160 62 218 121 227 50 68 132 23 64 164 207 41 223 92 184 205 136 199 114 22 27 151 215 4 45 183 15 63 118 153 110 206 38 96 49 58 94 
152 90 170 85 183 135 206 33 214 103 126 86 117 184 159 113 156 74 210 31 10 51 120 213 190 29 161 115 166 127 157 123 163 47 79 72 188 80 76 18 112 9 94 0 70 153 105 92 179 63 
1 145 18 129 65 208 182 49 163 140 21 154 144 202 113 3 59 46 80 31 16 156 61 189 221 71 110 150 224 139 12 229 146 147 93 132 115 86 29 161 123 227 4 153 27 67 96 87 190 102 
145 221 192 36 200 76 95 112 121 184 48 181 110 134 108 61 20 169 27 103 55 223 39 198 29 120 33 99 40 47 127 209 171 201 116 222 142 92 31 160 146 159 62 155 43 170 179 147 123 202 
99 200 140 58 55 149 25 212 161 177 220 50 148 78 74 170 189 199 126 127 180 3 19 179 175 190 114 145 44 152 36 224 110 153 105 63 195 222 157 151 6 67 83 27 24 201 102 171 48 59 
16 179 184 160 165 96 139 18 175 23 72 98 8 89 106 53 121 189 13 37 71 1 85 115 129 219 80 123 143 192 138 152 92 205 168 211 94 180 142 46 194 104 132 12 3 133 178 34 120 169 
82 77 65 119 174 191 29 108 127 152 40 208 0 85 213 69 12 154 142 214 44 188 101 67 53 99 52 166 160 51 94 215 4 89 157 197 91 172 23 220 62 149 222 31 112 3 128 139 16 88 
15 0 201 181 82 64 49 27 39 164 67 153 107 86 219 103 165 73 156 105 89 228 192 150 176 224 126 113 187 1 54 172 55 58 133 24 146 16 198 185 96 76 194 184 14 63 159 114 210 81 
54 194 114 99 35 64 39 4 81 184 220 216 43 27 192 218 209 199 8 57 85 130 124 121 227 202 67 92 208 140 107 128 108 169 189 83 225 34 181 28 120 137 31 143 17 197 20 73 90 193 
