181 
68 
46 
124 
262 
162 
11 
62 
226 
294 
3 
10 
187 
194 
203 
138 
185 
215 
8 
254 
340 
203 
143 
49 
35 
166 
20 
181 
81 
33 
33 
48 
42 
52 
135 
329 
149 
56 
263 
86 
98 
28 
68 
64 
19 
99 
69 
87 
8 
67 
113 
213 
140 
25 
294 
26 
30 
169 
112 
52 
128 
138 
89 
256 
211 
182 
202 
130 
1 
91 
220 
27 
88 
145 
211 
72 
51 
79 
103 
80 
65 
106 
159 
39 
124 
123 
56 
195 
229 
67 
55 
70 
64 
78 
178 
312 
201 
113 
27 
84 
88 
49 
81 
34 
237 
182 
158 
45 
259 
130 
350 
4 
131 
162 
281 
0 
30 
106 
137 
32 
87 
184 
125 
212 
134 
253 
68 
177 
11 
135 
214 
21 
43 
15 
198 
21 
202 
54 
189 
141 
120 
130 
215 
62 
77 
106 
49 
95 
56 
9 
100 
77 
137 
222 
85 
145 
241 
131 
93 
25 
161 
49 
13 
238 
44 
190 
78 
68 
58 
241 
196 
17 
202 
67 
67 
55 
17 
100 
5 
24 
193 
175 
9 
146 
170 
174 
216 
66 
17 
207 
205 
16 
200 
173 
87 
144 
31 
197 
83 
25 
173 
134 
185 
177 
158 
10 
4 
141 
72 
110 
193 
152 
199 
101 
22 
142 
130 
145 
124 
259 
185 
59 
129 
0 
139 
79 
77 
106 
182 
41 
240 
212 
120 
38 
40 
189 
44 
3 
73 
157 
197 
177 
31 
271 
49 
315 
28 
120 
47 
95 
132 
7 
198 
12 
159 
113 
187 
67 
5 
63 
381 
159 
133 
227 
84 
30 
36 
128 
53 
168 
11 
33 
86 
207 
160 
333 
21 
57 
250 
242 
14 
14 
102 
143 
93 
208 
207 
22 
174 
54 
277 
161 
211 
215 
271 
169 
28 
149 
224 
62 
70 75 
137 94 
39 16 
213 56 
233 55 
108 327 
126 53 
84 25 
96 75 
144 138 
62 189 
2 45 
42 196 
65 170 
93 5 
2 173 
91 118 
12 35 
239 142 
176 140 
332 41 
189 202 
178 105 
43 129 
188 158 
169 175 
20 29 
124 21 
56 246 
229 235 
17 191 
7 65 
161 76 
161 223 
180 96 
247 108 
65 40 
159 99 
223 187 
209 4 
21 20 
39 51 
139 2 
82 112 
80 55 
81 171 
50 167 
124 111 
78 35 
53 247 
161 218 
151 168 
106 154 
251 38 
167 96 
67 39 
46 48 
103 69 
197 27 
220 204 
125 65 
131 167 
124 125 
83 188 
84 34 
88 248 
144 40 
8 106 
210 203 
40 236 
146 171 
45 50 
91 87 
223 96 
25 70 
181 61 
99 190 
8 168 
46 194 
24 113 
24 326 
204 41 
144 70 
29 253 
69 97 
165 137 
45 37 
173 144 
201 20 
157 222 
40 197 
118 104 
142 95 
33 244 
105 157 
226 102 
238 27 
8 161 
185 92 
253 11 
2 17 
12 1 
60 133 
127 70 
55 185 
186 66 
203 210 
69 203 
168 7 
108 11 
50 283 
9 82 
143 195 
232 202 
150 243 
131 213 
5 49 
168 77 
223 14 
128 225 
80 195 
185 210 
113 96 
127 30 
30 257 
254 292 
34 146 
76 176 
145 164 
300 56 
138 150 
51 50 
206 93 
218 183 
148 169 
22 174 
121 131 
44 195 
196 234 
121 219 
263 54 
63 11 
30 163 
264 49 
50 262 
28 128 
20 21 
67 94 
168 31 
48 149 
41 79 
133 140 
63 80 
227 20 
96 23 
29 186 
71 104 
184 189 
219 27 
50 249 
176 154 
46 59 
192 43 
178 81 
83 6 
126 196 
164 90 
110 176 
19 152 
217 153 
388 18 
27 162 
105 66 
65 139 
165 178 
117 99 
9 25 
81 199 
125 50 
8 178 
169 3 
187 51 
181 125 
36 111 
69 118 
50 147 
193 110 
30 16 
42 20 
9 264 
157 4 
59 39 
73 168 
195 115 
141 229 
196 197 
96 40 
182 120 
212 234 
206 257 
205 118 
205 236 
19 186 
189 110 
129 23 
202 34 
11 59 
121 14 
142 113 
136 163 
161 48 
193 103 
151 193 
214 241 
198 181 
372 386 
65 52 
219 2 
216 62 
2 248 
81 152 
10 11 
30 110 
212 234 
25 169 
97 93 
59 109 
105 167 
253 153 
7 6 
301 93 
149 131 
137 43 
250 61 
20 198 
122 98 
58 55 
59 83 
9 89 
50 46 
106 1 
197 81 
151 147 
170 42 
133 96 
361 309 
108 51 
28 136 
183 246 
205 153 
18 19 
2 3 
166 17 
49 13 
166 30 
48 150 
114 151 
168 41 
184 188 
114 214 
136 125 
191 119 
47 140 
29 28 
145 223 
98 218 
36 26 
49 20 
69 226 
226 209 
50 144 
66 82 
189 41 
213 250 
203 107 
245 17 
220 47 
23 174 
145 222 
168 10 
65 206 
24 23 
122 14 
149 156 
141 175 
26 69 
182 76 
120 41 
227 105 
139 210 
352 122 
64 155 
14 16 
181 189 
155 87 
129 4 
38 15 
199 132 
167 111 
60 194 
15 140 181 48 72 
19 63 157 193 182 
217 205 161 2 202 
10 144 155 195 219 
27 127 207 30 31 
312 254 122 262 68 
31 68 77 217 228 
51 23 201 132 165 
106 42 14 212 72 
181 109 53 185 286 
15 95 156 35 50 
43 35 34 42 26 
95 20 135 25 133 
151 227 11 6 66 
81 90 126 164 208 
149 62 48 174 70 
219 123 114 51 212 
16 209 168 176 42 
69 60 271 123 22 
62 155 42 44 149 
316 90 225 286 334 
136 133 40 199 218 
20 29 172 48 140 
5 13 214 257 198 
148 288 281 244 156 
102 174 47 207 114 
0 23 3 11 30 
157 148 13 15 190 
144 87 66 193 98 
110 168 197 35 1 
190 12 89 94 202 
55 38 182 151 54 
58 133 102 50 94 
96 242 125 126 192 
51 98 103 232 71 
71 277 259 336 69 
6 141 7 122 64 
205 193 144 99 197 
170 112 129 91 183 
113 152 286 175 177 
194 43 5 57 117 
9 58 50 28 6 
126 35 157 40 105 
23 210 243 127 194 
108 53 80 44 181 
34 5 189 26 130 
192 16 18 162 125 
160 120 155 81 57 
188 122 232 44 237 
65 19 233 25 5 
39 354 365 261 83 
202 62 67 196 157 
161 177 126 171 128 
28 149 64 151 209 
38 168 156 9 219 
204 146 138 52 130 
59 22 12 42 23 
115 39 164 189 210 
50 229 104 100 200 
58 218 236 75 195 
37 23 62 167 106 
169 163 97 118 102 
201 4 152 215 118 
228 201 242 179 264 
10 142 134 161 160 
75 256 191 356 141 
2 242 225 21 187 
136 143 212 30 44 
217 12 42 202 35 
128 65 87 308 18 
92 149 18 113 145 
7 40 29 35 47 
34 202 211 97 56 
24 54 218 111 119 
170 83 229 131 174 
142 120 63 11 88 
19 69 65 204 137 
11 33 166 204 39 
108 34 251 77 236 
82 200 253 74 104 
40 297 159 339 381 
128 142 211 133 97 
44 80 56 68 82 
224 84 107 154 135 
247 40 186 64 135 
14 99 179 62 216 
40 51 39 50 7 
113 25 45 153 37 
176 212 191 102 28 
169 84 138 59 166 
41 158 72 70 27 
143 155 192 215 131 
211 0 170 115 126 
195 224 136 127 36 
202 29 89 131 55 
341 190 221 34 47 
141 115 8 40 168 
39 143 25 149 99 
173 62 250 136 16 
148 11 22 254 251 
49 141 167 196 228 
48 37 8 19 28 
104 33 6 166 80 
106 165 66 51 144 
150 212 62 186 224 
96 122 17 30 158 
152 176 61 214 168 
52 194 93 95 107 
147 214 226 62 178 
202 162 88 114 56 
168 203 325 266 194 
148 83 76 95 244 
95 181 64 79 158 
247 60 195 215 46 
235 269 35 258 115 
95 54 182 217 137 
40 4 18 31 33 
182 202 21 102 5 
175 105 76 120 78 
49 35 75 53 27 
28 52 10 182 157 
132 141 93 44 115 
180 44 202 92 70 
159 47 253 263 184 
231 91 228 15 92 
224 2 8 11 249 
169 223 7 97 80 
107 38 31 110 138 
174 115 164 206 175 
202 46 127 172 107 
117 128 150 59 43 
47 29 22 3 57 
65 10 58 122 48 
75 125 114 134 245 
6 152 173 26 208 
150 155 184 95 197 
15 110 150 107 1 
135 182 31 14 103 
93 64 209 182 56 
245 188 147 18 76 
352 134 363 3 307 
81 170 223 231 193 
181 52 62 173 94 
26 78 54 105 240 
204 289 287 226 59 
165 49 100 77 135 
28 0 4 6 33 
170 139 177 183 74 
31 244 164 136 27 
25 36 29 223 94 
17 48 15 94 180 
35 92 178 144 16 
8 178 151 69 6 
277 128 272 167 59 
235 77 127 89 169 
182 17 105 265 196 
203 80 176 97 73 
62 171 119 177 57 
134 187 128 133 83 
161 283 143 11 23 
224 42 159 126 207 
51 50 15 1 30 
82 130 196 93 134 
192 122 99 108 208 
175 92 164 82 61 
186 171 91 168 67 
188 173 130 169 84 
137 45 50 131 92 
234 20 254 167 160 
147 22 8 203 230 
134 316 309 33 306 
119 149 82 196 217 
194 190 111 10 56 
169 161 170 223 177 
175 19 184 59 232 
181 57 90 169 150 
58 5 54 14 39 
0 71 36 93 134 
33 100 232 111 176 
143 94 61 20 232 
6 136 199 49 14 
23 115 33 86 98 
137 29 3 175 80 
204 87 170 58 234 
220 23 106 35 37 
283 126 70 179 206 
223 33 103 112 207 
120 93 179 161 109 
21 137 173 198 126 
80 130 290 23 243 
170 208 122 32 47 
1 10 45 25 32 
10 155 5 179 7 
195 193 160 69 210 
39 16 182 102 43 
3 165 202 140 56 
188 223 185 9 21 
3 213 189 104 38 
248 125 32 52 163 
183 224 263 207 225 
372 154 212 352 47 
116 164 163 9 222 
74 164 12 121 169 
149 110 20 4 205 
311 109 54 217 133 
9 213 229 209 60 
8 36 6 55 58 
42 105 147 153 81 
221 4 199 224 155 
92 87 206 39 70 
106 29 176 76 101 
78 74 33 152 80 
111 132 217 178 180 
18 129 79 135 247 
10 83 35 94 80 
39 173 295 385 77 
13 157 28 225 34 
161 200 137 166 163 
145 42 83 23 28 
187 188 271 161 1 
51 28 159 186 225 
6 7 15 50 58 
139 81 144 136 66 
16 207 49 91 29 
232 7 233 168 23 
68 34 19 69 27 
9 141 212 182 4 
196 39 74 139 134 
137 93 273 0 21 
148 197 104 121 184 
297 118 281 43 18 
42 93 222 211 76 
155 2 34 105 110 
17 85 25 209 18 
7 299 270 24 55 
10 39 77 0 57 
35 19 23 55 52 
72 46 39 90 48 
156 24 54 142 237 
68 239 217 181 79 
120 65 122 161 21 
102 157 104 107 190 
83 91 75 82 74 
29 258 24 173 200 
203 86 123 179 26 
60 169 55 285 334 
95 19 136 116 94 
202 205 53 214 150 
122 108 128 14 120 
64 302 102 217 165 
203 15 71 52 129 
57 56 30 39 59 
198 35 201 186 134 
33 127 176 171 75 
13 192 63 21 225 
117 140 55 135 40 
125 87 68 128 12 
91 165 120 200 59 
54 210 111 27 36 
231 256 190 155 116 
117 204 71 294 153 
40 216 164 28 99 
38 71 146 40 122 
147 48 2 179 139 
280 172 110 80 68 
33 160 48 80 124 
59 1 56 23 38 
160 121 43 118 167 
69 165 53 89 25 
225 44 88 151 110 
34 178 83 74 45 
60 153 106 11 58 
89 56 162 140 122 
1 104 179 45 80 
255 187 119 206 41 
301 183 308 22 240 
169 28 2 172 243 
124 186 60 180 30 
172 219 126 125 139 
104 172 183 300 290 
204 59 8 130 134 
1 26 18 55 20 
14 118 31 6 1 
13 189 214 126 7 
130 164 109 137 206 
96 20 34 118 31 
214 183 206 203 76 
148 0 128 130 44 
242 88 194 77 14 
75 228 231 80 148 
185 341 53 86 90 
47 23 222 88 195 
24 44 20 193 51 
232 132 97 179 162 
58 312 153 244 172 
197 198 85 111 42 
59 0 29 1 10 
122 147 106 173 167 
166 163 60 190 165 
31 32 115 39 72 
192 53 93 170 32 103 167 98 43 20 
4 29 23 123 151 166 3 50 177 132 
149 79 181 110 195 14 18 203 86 190 
126 59 85 123 253 144 252 89 272 140 
255 40 118 233 170 7 243 166 90 214 
152 231 182 233 377 125 287 379 313 3 
50 163 148 88 58 113 47 66 186 143 
6 4 168 184 22 203 39 191 135 136 
135 233 185 166 38 148 237 30 187 16 
66 164 190 274 221 147 28 227 93 248 
191 136 217 35 180 220 90 221 56 122 
43 59 1 34 35 41 23 37 9 0 
35 177 62 11 95 176 38 75 192 103 
85 246 195 215 239 192 106 184 42 139 
77 79 153 133 9 93 51 97 59 157 
13 40 139 68 23 201 196 8 11 60 
212 200 50 110 123 122 61 43 49 208 
110 180 171 141 2 19 113 51 199 50 
199 103 248 56 7 178 149 254 132 259 
222 12 129 64 25 215 1 47 171 140 
102 242 278 195 225 122 123 66 130 361 
229 215 203 167 30 154 242 109 176 16 
97 174 95 61 10 184 41 115 204 163 
24 13 131 197 100 5 20 135 37 238 
179 226 218 141 36 158 73 194 4 258 
0 130 188 141 73 51 174 173 213 210 
26 50 47 57 45 3 34 27 18 9 
173 42 206 81 187 10 76 200 8 175 
105 81 87 193 34 246 20 149 237 1 
138 226 47 106 137 97 144 108 123 14 
51 71 60 137 167 76 2 152 185 9 
37 21 1 51 219 189 73 185 6 177 
106 26 143 117 190 58 98 103 80 94 
62 103 182 41 110 90 11 2 222 49 
257 131 134 219 165 248 188 262 242 153 
361 3 100 235 214 329 48 327 43 316 
178 223 238 224 133 19 114 120 164 47 
168 170 144 142 72 192 18 155 126 177 
116 75 147 190 209 225 8 17 64 170 
190 101 28 32 89 34 14 166 270 48 
120 229 62 197 38 138 207 68 36 76 
52 57 10 49 36 37 35 41 29 11 
102 81 10 152 174 4 57 8 162 36 
212 179 204 49 171 53 136 234 84 122 
151 181 8 45 184 7 18 161 0 202 
163 37 53 99 121 120 11 119 26 154 
173 175 117 87 88 143 174 169 35 180 
118 107 159 40 86 121 56 63 26 79 
238 125 246 155 199 197 57 247 94 243 
8 100 232 258 120 76 135 13 78 34 
184 20 360 390 109 388 13 254 302 246 
183 29 129 171 7 109 178 209 84 188 
189 33 169 161 32 206 147 168 60 115 
75 98 128 187 29 174 209 181 63 74 
130 29 58 112 235 106 44 177 137 302 
88 104 161 145 24 22 125 132 23 217 
44 0 15 50 25 6 34 57 43 30 
182 196 51 78 114 134 191 132 189 50 
163 146 230 69 112 197 102 63 114 5 
91 183 47 174 79 10 83 19 135 50 
93 0 131 208 119 124 26 44 165 175 
223 87 82 79 2 213 142 203 148 111 
16 163 104 114 32 195 53 89 193 168 
175 165 36 240 157 58 148 243 54 163 
195 0 140 196 248 190 36 49 201 104 
20 170 49 388 104 148 386 52 132 175 
237 44 13 149 219 194 145 130 72 22 
158 186 49 154 184 147 74 3 71 117 
33 191 168 243 66 71 196 12 220 80 
77 138 244 160 43 166 37 155 236 113 
44 11 58 211 53 119 77 220 142 151 
30 34 11 0 57 47 35 37 6 40 
159 22 166 7 24 4 134 196 102 124 
87 112 239 43 176 150 44 136 182 12 
148 67 36 215 163 5 15 71 46 153 
201 74 109 158 115 77 206 26 33 18 
218 110 155 10 51 59 208 220 170 124 
32 82 107 40 111 125 58 61 14 142 
55 238 137 46 108 255 187 77 268 29 
243 55 263 226 163 206 34 155 110 79 
196 5 237 147 64 198 98 252 155 1 
153 96 130 99 60 76 42 51 113 9 
31 97 96 60 174 41 154 102 110 92 
73 219 200 156 182 170 227 174 25 187 
232 3 272 194 294 217 37 171 249 32 
125 99 110 142 72 63 85 64 212 134 
2 45 43 1 5 56 37 40 11 15 
66 88 67 28 39 76 29 36 104 211 
27 121 111 188 34 213 38 130 118 207 
197 99 76 122 217 175 167 27 233 65 
97 126 141 206 66 133 86 48 192 165 
53 18 0 144 20 157 205 185 35 105 
65 59 143 98 132 28 214 11 201 35 
206 27 221 64 144 76 100 173 272 134 
232 162 67 220 167 182 172 69 64 164 
301 253 198 113 356 314 117 388 327 287 
222 155 191 227 57 25 211 180 75 111 
6 139 93 120 33 7 104 206 185 55 
21 119 224 256 116 184 34 65 89 91 
169 72 306 41 292 244 4 89 82 56 
127 32 79 159 197 122 149 15 89 217 
55 28 35 9 13 22 5 34 51 10 
199 26 50 4 29 9 18 203 126 70 
98 148 132 202 245 32 241 12 33 192 
158 86 109 16 138 19 130 191 181 217 
141 71 92 83 123 19 174 1 21 35 
193 223 153 63 60 142 190 78 98 41 
174 207 160 87 210 189 46 30 215 23 
235 218 212 226 257 139 55 92 264 18 
118 18 32 120 178 214 74 38 167 1 
264 325 380 60 371 70 123 106 362 354 
180 65 207 130 135 3 71 4 173 1 
164 12 215 188 171 155 48 60 125 134 
224 266 49 206 0 2 74 263 71 135 
271 284 155 193 229 318 199 104 131 76 
220 3 214 163 91 151 45 89 132 117 
40 1 24 36 21 23 49 56 58 39 
195 112 110 164 146 26 103 137 183 169 
129 180 49 98 101 2 237 102 55 106 
15 123 78 32 20 102 171 114 69 131 
69 99 173 202 119 13 103 60 4 169 
213 18 205 158 89 53 88 102 128 122 
125 136 127 185 2 200 14 20 67 58 
118 265 88 225 83 22 161 209 80 177 
230 255 63 115 124 254 75 47 32 184 
144 55 332 15 160 183 78 74 114 128 
104 235 179 41 125 77 180 211 120 208 
90 177 22 78 33 189 207 191 160 201 
24 118 64 205 214 152 50 127 16 57 
89 14 130 265 246 259 276 299 254 63 
203 71 22 31 119 105 189 178 13 26 
56 30 5 8 26 37 45 52 10 2 
65 51 151 91 95 187 78 156 41 191 
195 130 19 127 45 15 184 102 145 166 
237 63 180 131 19 210 192 59 185 45 
50 67 180 4 155 168 199 43 8 99 
74 29 37 212 16 144 160 55 61 22 
146 78 107 154 43 70 5 62 125 35 
157 4 128 125 30 45 122 256 257 136 
172 263 18 139 168 99 27 192 152 202 
281 368 173 55 132 327 79 218 87 251 
169 128 185 174 132 148 186 203 1 131 
127 49 178 196 104 18 141 190 207 39 
39 250 152 6 149 38 175 60 83 112 
244 42 29 65 268 125 68 108 152 86 
175 36 98 56 199 137 11 19 136 221 
38 54 36 17 8 52 16 19 9 51 
66 22 126 71 9 69 27 51 33 84 
229 27 167 215 181 84 50 111 219 221 
166 8 186 140 170 43 122 197 211 224 
45 113 19 111 201 13 22 82 124 52 
206 23 64 24 2 18 95 8 209 21 
114 186 116 16 53 143 121 138 197 167 
265 69 164 85 226 191 121 34 201 147 
76 153 228 213 192 127 18 112 67 39 
149 3 228 348 217 309 290 27 55 57 
22 25 71 152 15 32 27 173 184 232 
195 121 32 168 95 17 146 118 180 33 
24 227 193 260 149 44 87 146 215 29 
162 54 294 168 240 181 208 213 41 103 
207 97 65 78 80 59 76 187 69 225 
27 9 33 36 38 15 59 54 10 52 
137 53 110 40 180 171 203 32 205 129 
150 199 148 39 119 55 85 239 184 95 
37 99 199 208 181 238 8 218 131 233 
111 42 207 11 98 18 68 83 113 196 
127 115 79 197 223 138 152 78 33 129 
194 138 96 98 115 111 143 1 38 214 
137 172 6 254 249 252 221 130 91 136 
78 174 165 139 20 133 231 138 242 15 
124 245 237 54 17 288 360 138 249 303 
96 241 144 195 115 49 129 47 182 125 
203 188 25 8 171 180 194 118 43 19 
212 117 27 14 189 135 157 118 215 116 
111 128 46 183 51 314 136 94 7 56 
205 196 165 113 64 189 50 27 90 66 
8 5 57 12 41 0 20 27 2 35 
70 142 93 46 193 203 18 91 13 190 
242 219 97 112 225 38 0 142 63 109 
13 44 46 165 24 188 217 39 66 187 
201 129 143 40 90 64 194 93 162 150 
156 30 0 104 55 193 134 107 172 27 
215 188 116 147 124 201 143 150 145 172 
93 140 161 57 78 250 194 123 246 193 
117 249 250 259 12 235 262 119 39 164 
17 227 272 291 299 61 112 218 384 75 
58 229 199 106 235 191 92 26 244 165 
106 172 143 10 73 56 85 193 180 105 
241 157 197 78 151 249 254 45 196 239 
109 9 59 247 268 82 131 243 169 20 
226 140 212 188 163 67 200 87 210 144 
1 44 43 51 13 20 10 26 12 46 
88 95 165 133 172 37 1 57 113 122 
56 128 227 57 27 220 7 36 125 219 
56 10 24 147 134 150 232 153 151 35 
132 127 123 119 184 98 64 155 118 151 
171 70 167 210 73 102 74 133 6 115 
70 140 143 194 81 94 18 160 123 116 
216 170 261 28 242 16 150 56 146 70 
240 48 144 81 19 229 125 120 207 31 
272 379 252 350 36 199 260 168 258 295 
27 228 112 91 131 123 188 146 175 217 
115 40 18 92 142 6 136 177 133 162 
70 71 138 237 255 77 19 61 32 157 
288 275 8 230 80 210 118 290 274 296 
58 203 200 173 57 148 111 223 92 107 
10 53 43 28 25 31 38 11 45 33 
15 176 101 6 105 11 75 156 178 186 
203 226 155 37 57 133 230 6 180 170 
217 106 228 123 165 154 203 50 234 27 
4 78 90 168 164 94 138 82 196 132 
8 120 116 182 129 84 133 221 62 19 
130 89 156 65 150 4 50 113 171 141 
115 57 169 21 45 208 146 28 222 52 
19 227 222 261 201 78 184 170 205 71 
307 62 61 378 31 302 150 308 226 166 
195 214 220 22 111 9 27 200 136 94 
122 119 98 196 173 83 200 26 202 183 
20 52 12 13 70 98 198 224 64 32 
177 39 305 6 218 275 34 106 32 160 
5 224 57 170 72 9 111 122 193 104 
31 14 37 51 57 45 5 58 25 17 
184 148 193 166 204 65 199 170 124 82 
186 88 166 182 25 148 209 198 72 8 
84 99 205 195 155 24 26 164 66 44 
59 103 15 170 49 7 48 3 99 101 
157 113 178 54 43 220 192 109 141 82 
59 66 9 108 43 208 18 48 156 203 
107 214 51 97 279 182 255 37 122 253 
168 193 66 192 170 24 33 44 259 79 
117 328 387 345 206 122 116 22 373 12 
20 72 116 186 7 78 206 3 67 190 
80 177 120 22 118 127 61 23 45 154 
227 27 232 89 80 115 183 234 54 84 
144 161 198 228 294 118 307 14 29 50 
64 8 62 44 200 141 13 203 134 58 
8 53 31 54 38 57 4 2 30 22 
34 119 32 197 36 69 137 48 4 115 
201 156 198 133 203 144 245 47 189 217 
62 116 129 33 150 94 117 120 105 167 
168 115 32 181 138 120 58 30 144 84 
5 107 161 156 11 165 206 109 176 137 
165 84 212 21 148 174 106 59 142 53 
172 232 13 152 138 69 175 140 217 236 
138 122 109 81 92 214 139 64 140 61 
48 365 384 301 1 97 129 375 20 374 
59 119 62 138 51 139 141 103 244 177 
40 219 179 18 152 193 184 175 44 130 
181 17 224 158 178 86 203 242 209 164 
27 187 314 220 71 41 155 183 158 152 
50 146 51 48 9 134 129 221 23 181 
27 39 25 38 26 31 7 30 47 15 
100 0 25 57 2 148 141 12 52 124 
0 180 19 189 94 106 36 213 99 138 
41 45 159 60 77 183 120 10 105 196 
7 189 176 192 139 106 126 52 152 44 
8 141 197 182 96 94 83 155 201 220 
216 186 149 127 125 120 87 1 7 146 
29 21 252 11 208 275 19 228 22 24 
188 66 116 250 203 95 73 57 70 160 
199 82 325 364 124 265 386 229 84 101 
121 25 44 194 233 27 216 238 5 59 
130 66 174 164 143 79 23 62 209 64 
199 87 197 141 96 178 125 151 52 82 
107 112 142 168 176 121 0 165 29 262 
20 112 30 166 128 49 197 219 7 162 
45 33 8 46 59 52 22 49 55 16 
50 91 0 84 96 31 100 93 162 168 
229 204 84 189 222 23 141 4 77 160 
198 214 157 211 26 223 79 197 15 66 
47 39 192 6 166 48 149 168 23 206 
60 23 37 76 49 54 15 107 205 201 
61 151 191 143 190 212 19 150 169 66 
1 142 263 210 215 275 167 7 6 61 
251 174 143 177 188 257 164 141 255 71 
197 251 287 132 325 283 272 72 358 363 
170 213 163 48 228 205 112 229 1 34 
21 187 181 88 86 49 162 106 184 12 
243 53 71 68 118 222 197 188 69 31 
201 289 97 317 88 43 251 51 261 313 
210 186 209 204 35 179 160 17 161 60 
49 51 40 53 50 34 18 41 16 30 
44 140 180 160 136 20 141 144 69 71 
170 37 74 204 60 110 235 40 210 207 
156 167 164 28 26 5 176 130 162 137 
115 187 26 5 8 47 73 27 134 0 
58 161 185 175 138 69 2 200 177 182 
27 205 54 162 189 174 66 129 74 177 
62 107 9 94 10 60 218 149 150 120 
40 246 236 144 102 103 182 170 258 241 
212 236 178 255 38 358 30 220 306 7 
69 93 215 180 39 123 102 46 154 228 
113 98 214 161 50 128 174 157 77 108 
246 165 255 138 111 202 73 20 154 56 
208 106 161 230 22 195 15 264 165 81 
175 189 38 51 211 59 71 90 117 69 
31 27 43 50 7 42 9 15 6 12 
80 25 42 166 150 53 177 33 45 0 
29 7 212 154 42 68 92 109 209 10 
187 114 233 214 206 121 222 64 41 21 
172 48 161 162 116 107 10 112 196 50 193 83 69 147 200 186 
107 157 135 150 77 78 105 63 38 62 159 176 40 64 166 109 
34 143 113 161 207 116 176 44 74 99 147 159 153 0 104 148 
153 130 135 37 159 240 62 185 243 134 155 253 225 246 279 278 
179 260 236 141 84 50 51 256 11 225 149 3 249 102 129 262 
43 222 94 306 134 382 343 14 283 50 259 262 117 233 143 240 
160 47 51 107 62 168 188 17 163 19 227 98 218 22 132 13 
137 146 27 153 183 117 207 17 122 60 26 115 95 49 38 196 
240 200 258 175 242 189 216 253 162 83 55 164 2 169 232 51 
58 62 153 273 160 15 306 259 111 179 297 150 94 242 280 7 
148 196 94 100 53 168 98 222 178 220 51 26 101 111 172 177 
55 15 19 42 26 41 21 17 29 45 27 16 37 36 13 4 
211 88 106 206 96 53 73 18 39 175 193 76 136 7 182 109 
116 177 161 163 235 240 95 13 86 114 207 89 165 77 45 142 
170 124 160 130 101 125 26 169 49 146 215 153 179 196 233 156 
204 140 146 30 183 122 121 187 147 61 120 143 162 207 90 192 
15 112 206 76 173 211 81 107 6 97 21 69 11 207 203 157 
165 191 213 110 211 15 109 53 7 98 171 139 172 13 124 159 
221 273 37 232 246 11 130 97 12 96 151 271 68 251 176 219 
101 66 38 3 204 179 130 79 81 138 46 162 161 143 256 227 
136 278 44 123 256 374 261 246 97 16 200 242 25 306 190 216 
21 78 206 232 151 237 172 183 142 71 95 70 175 190 235 94 
197 77 181 50 72 117 43 136 45 135 125 33 142 16 218 148 
42 143 241 6 99 230 169 193 107 70 23 231 224 201 28 243 
3 43 264 0 167 267 292 214 84 179 99 155 41 201 95 78 
6 113 42 108 129 46 196 188 44 192 133 56 174 33 62 105 
41 11 48 15 31 45 35 34 57 43 53 50 49 56 23 38 
30 65 208 48 76 54 163 165 102 139 119 91 179 79 0 114 
125 196 237 140 70 38 175 219 200 195 12 117 68 118 110 144 
206 106 34 143 97 27 15 221 137 199 204 26 72 70 166 159 
112 135 46 172 99 5 117 163 25 178 162 175 10 133 105 203 
9 164 181 176 169 221 222 69 211 184 12 44 139 210 98 177 
202 98 148 122 118 104 91 82 174 212 74 143 81 105 13 115 
262 240 163 71 258 116 76 14 28 82 167 177 27 36 144 119 
221 29 259 160 253 192 242 145 120 6 33 151 71 209 246 34 
360 250 306 147 321 248 329 208 345 138 291 369 90 118 374 184 
26 161 97 173 111 183 145 122 170 206 16 65 105 75 4 141 
117 20 50 173 135 176 178 25 43 164 77 12 152 209 15 29 
164 179 138 28 244 87 106 61 25 234 177 129 109 99 51 69 
51 40 14 120 10 248 150 62 29 255 6 171 293 278 317 37 
20 201 150 110 107 163 215 21 123 206 155 146 59 93 50 175 
44 24 11 18 42 59 47 6 46 36 22 4 1 49 26 48 
204 130 28 131 30 178 55 24 193 140 90 142 106 132 8 14 
163 27 188 108 206 204 228 168 78 240 49 175 118 79 111 36 
122 71 146 210 47 216 4 199 40 179 154 193 222 166 121 232 
33 172 23 94 127 129 61 203 17 131 170 37 15 74 19 25 
132 220 97 186 166 167 216 17 116 171 52 89 76 63 210 128 
151 194 171 132 2 176 172 161 175 181 186 57 207 213 34 165 
206 260 270 171 145 237 232 22 236 151 274 242 121 245 113 69 
108 17 232 140 33 75 212 192 128 117 195 64 55 142 144 233 
102 228 124 93 207 343 87 269 276 157 141 340 308 110 245 119 
191 33 125 142 103 57 113 54 232 31 161 6 122 216 143 118 
137 22 151 23 25 210 142 26 217 176 98 15 69 213 139 8 
53 78 195 14 215 44 132 67 145 131 211 108 24 68 20 155 
65 111 173 122 53 285 68 197 149 220 264 213 282 34 2 10 
153 116 16 203 66 81 177 114 133 34 45 57 38 229 72 170 
48 50 21 15 31 46 54 52 16 17 35 43 0 1 59 24 
211 186 42 84 204 4 57 139 198 146 2 160 129 170 72 199 
176 214 40 240 26 111 100 203 97 32 120 187 11 121 2 125 
48 169 72 7 151 162 187 130 199 93 123 104 181 17 101 49 
5 206 79 18 130 158 127 28 49 14 88 120 146 101 189 208 
62 107 69 129 207 215 13 184 218 204 21 11 35 161 214 34 
78 137 60 108 190 26 145 107 105 54 156 98 94 162 61 23 
140 50 224 25 120 240 149 67 200 51 82 65 182 217 166 0 
173 78 254 183 171 125 108 205 210 53 38 212 76 151 165 160 
185 148 109 342 362 198 361 379 31 288 389 64 251 35 149 353 
140 53 238 8 191 223 41 234 96 77 62 240 34 226 215 103 
114 210 63 26 1 75 171 106 81 108 102 212 167 38 107 192 
229 217 266 124 157 46 241 180 153 249 203 18 256 47 52 55 
17 217 199 296 152 100 288 200 7 238 111 156 274 269 174 53 
181 212 141 45 42 43 179 176 50 162 140 218 59 138 110 27 
57 23 44 34 35 41 52 9 10 40 6 59 54 26 29 37 
37 33 147 183 62 182 80 65 7 97 93 142 46 102 187 178 
83 1 196 17 134 240 16 191 174 64 37 135 164 92 192 175 
193 55 170 10 127 79 143 120 177 34 194 94 19 54 226 76 
185 194 177 74 163 79 174 72 126 77 109 116 52 206 50 152 
188 37 189 81 167 122 140 212 165 178 85 153 39 41 131 168 
28 114 65 90 35 180 6 49 66 94 106 25 3 188 178 58 
251 72 212 258 204 167 111 193 274 222 66 255 226 38 82 126 
135 201 127 61 53 150 205 139 157 191 179 246 177 64 142 241 
31 227 133 382 334 251 54 179 201 285 144 324 101 269 72 234 
102 232 116 149 69 46 58 190 126 9 132 10 59 217 176 25 
206 39 129 157 128 9 45 12 1 111 56 85 20 47 87 144 
236 146 242 53 138 58 100 127 159 175 43 259 7 260 91 72 
139 51 271 111 194 21 240 238 222 80 33 302 116 107 4 32 
214 24 182 95 12 221 144 179 209 62 34 176 186 120 22 126 
18 23 14 16 3 27 8 56 4 12 30 36 34 1 29 50 
58 180 19 195 92 13 151 208 202 48 73 191 74 86 47 22 
137 116 152 131 96 211 196 195 189 154 188 219 3 246 119 121 
99 157 104 54 148 59 25 33 225 30 175 12 77 214 185 39 
47 23 86 208 112 104 200 87 187 90 174 204 179 108 62 83 
50 147 172 165 15 78 142 106 216 79 35 150 94 213 181 160 
4 27 212 43 127 175 148 64 9 117 39 81 47 18 162 203 
244 50 32 51 58 143 224 93 165 6 97 112 154 155 158 266 
74 92 51 137 198 262 54 120 164 69 32 119 90 46 208 195 
45 303 281 340 33 15 354 29 184 110 181 163 244 364 150 278 
26 101 48 207 139 221 180 114 27 181 109 81 34 191 134 70 
186 166 17 143 151 126 68 201 190 61 1 6 169 158 113 22 
0 176 71 28 78 17 146 114 88 84 4 96 36 149 117 137 
309 7 233 225 52 86 255 30 159 9 44 232 119 160 39 291 
45 208 67 194 26 222 132 83 9 189 196 61 166 95 36 206 
47 14 17 2 58 48 19 54 24 0 33 30 35 59 12 26 
160 137 193 198 115 196 36 18 80 106 26 9 205 202 0 119 
239 61 240 63 51 226 161 11 208 2 87 144 75 206 182 123 
21 92 31 121 190 170 195 88 227 116 120 61 19 196 174 59 
156 31 76 183 118 43 172 101 193 109 26 198 157 70 90 82 
12 220 158 156 49 11 54 9 31 6 77 58 40 135 51 116 
37 195 110 127 183 143 155 151 97 52 216 58 3 176 16 71 
161 130 60 100 103 8 119 132 156 98 83 7 63 50 5 223 
199 101 53 0 183 216 212 243 149 169 252 166 137 87 97 217 
377 111 100 265 112 284 373 203 22 216 232 25 201 96 200 0 
55 110 166 31 239 204 227 82 59 132 64 129 115 174 98 34 
43 177 114 104 180 21 145 20 36 88 24 118 206 91 26 175 
105 155 208 128 256 130 84 79 181 249 52 183 177 172 204 221 
128 239 234 228 281 0 262 139 196 226 144 146 216 29 115 274 
77 26 134 45 222 196 189 173 43 228 187 167 169 108 36 42 
25 48 36 38 52 47 34 57 0 7 42 23 8 41 21 39 
70 137 21 36 141 162 116 86 196 207 42 58 203 7 122 169 
171 149 40 95 143 30 59 195 68 214 221 201 103 65 239 150 
55 235 204 47 85 1 153 75 194 223 176 100 219 71 111 195 
95 114 143 33 185 102 20 51 99 46 159 60 2 91 76 45 
168 31 212 119 162 106 63 159 102 65 137 199 29 81 36 47 
177 45 68 42 214 1 30 117 111 81 79 89 162 57 113 148 
12 124 232 210 143 32 109 53 116 19 255 260 29 67 69 201 
140 20 61 160 129 35 106 239 225 165 86 110 178 135 64 242 
383 72 293 342 258 10 160 106 170 303 120 364 226 273 93 363 
164 26 9 236 198 143 238 27 10 218 97 185 16 94 15 122 
106 10 133 14 51 194 40 136 69 77 25 43 18 48 56 204 
7 39 107 158 86 65 239 260 72 44 31 66 96 42 105 171 
40 123 271 165 205 169 304 302 41 94 315 54 161 228 86 186 
0 71 70 5 220 208 100 165 35 210 43 120 73 19 134 65 
25 17 15 46 45 47 9 35 21 44 38 40 54 34 1 4 
173 211 161 176 133 84 166 31 208 127 114 5 185 24 76 189 
25 242 201 136 142 8 220 138 71 104 96 195 88 5 191 56 
140 148 133 208 178 29 25 107 129 231 27 199 34 239 236 56 
39 55 60 175 121 89 108 85 158 185 38 54 58 169 140 119 
1 214 96 123 80 3 84 65 6 166 105 194 60 132 29 146 
40 215 161 59 22 97 15 60 63 190 47 0 211 99 139 160 
22 215 236 142 33 9 58 91 269 106 26 69 158 247 129 255 
189 196 76 111 16 125 219 143 226 64 127 247 217 58 124 147 
386 204 387 8 10 337 171 34 293 105 129 329 113 151 191 102 
169 20 95 166 76 197 167 244 8 61 26 181 143 215 228 179 
151 36 4 81 133 25 217 155 188 156 61 134 108 18 109 126 
247 53 69 89 46 126 202 194 106 58 121 79 159 174 143 255 
69 146 39 202 96 32 157 182 220 127 90 103 171 107 302 163 
37 99 21 76 162 87 129 55 110 81 96 73 158 70 183 92 
4 31 2 52 44 32 47 40 3 0 7 48 8 53 41 54 
51 206 128 31 65 8 23 52 181 17 70 194 160 32 141 121 
160 157 136 162 65 214 102 181 2 222 86 127 80 200 149 87 
185 113 156 110 231 211 80 170 122 142 41 121 214 151 60 32 
79 137 81 95 110 206 41 107 182 13 138 72 84 132 71 63 172 208 156 18 
14 177 115 179 51 215 221 146 17 136 71 209 223 123 54 16 87 58 144 220 
134 64 42 130 186 140 94 52 41 91 10 118 216 131 206 153 181 93 30 122 
249 47 202 34 166 143 128 189 203 118 119 7 170 88 46 227 193 84 214 244 
246 245 105 255 199 229 103 52 141 211 81 49 101 182 21 126 178 10 226 46 
113 373 71 320 383 12 158 338 317 285 118 45 218 360 30 315 64 364 35 291 
163 33 5 31 216 177 47 73 148 94 191 214 225 166 175 150 210 20 43 176 
178 155 126 92 216 45 53 101 153 29 120 162 169 1 146 49 166 12 39 88 
215 137 144 1 149 16 29 70 27 127 108 192 50 166 248 118 80 36 9 59 
54 61 243 268 138 236 149 117 101 277 175 278 20 40 156 95 246 215 68 47 
197 41 115 6 215 97 47 94 136 202 160 184 228 173 199 74 210 108 58 118 
51 58 56 5 4 32 37 0 53 19 59 17 57 1 46 12 20 44 55 30 
36 100 175 25 5 206 62 4 194 169 131 154 91 78 146 103 57 2 29 60 
35 206 42 96 186 12 163 100 181 177 78 229 157 207 54 176 168 230 102 167 
90 9 175 217 83 179 215 212 154 156 167 128 214 57 27 114 118 237 129 115 
30 28 119 24 195 67 64 126 149 155 148 161 62 11 14 54 51 152 130 154 
102 63 220 46 198 10 101 71 141 201 160 64 65 67 13 90 49 148 109 14 
3 170 117 166 29 43 67 103 28 41 52 26 56 134 51 4 101 25 179 35 
254 66 276 51 129 202 113 31 148 273 71 63 133 55 256 232 231 185 38 41 
67 215 106 113 172 27 197 45 263 183 191 248 220 257 111 12 262 2 68 198 
310 318 15 219 376 19 319 84 388 139 281 46 387 3 138 167 51 21 232 374 
115 153 47 38 105 114 210 121 41 151 89 8 244 81 17 65 225 147 240 55 
136 41 194 2 137 122 183 165 184 53 70 143 50 100 180 31 199 54 200 123 
35 252 46 218 81 100 228 73 5 91 148 44 98 250 145 225 53 101 94 134 
33 255 67 223 20 163 304 43 88 142 292 242 312 227 282 205 243 245 102 213 
116 103 216 179 214 144 205 131 140 123 72 111 177 210 223 139 163 106 126 151 
47 11 35 0 15 39 4 42 14 53 1 28 34 20 48 18 16 19 9 7 
133 180 55 195 113 156 25 110 38 39 132 59 105 136 134 194 21 141 94 183 
242 92 55 60 202 101 214 44 0 241 120 6 154 216 107 198 9 42 36 99 
50 136 219 157 52 132 213 15 23 224 5 169 155 93 233 227 236 71 22 181 
31 154 167 169 172 126 179 119 159 201 191 78 181 113 7 18 198 88 69 10 
10 117 155 24 189 104 197 0 69 203 151 99 182 59 35 223 213 173 162 16 
18 151 188 89 153 218 108 203 206 63 20 194 192 205 81 204 196 215 73 128 
39 196 265 125 186 123 203 224 256 159 171 168 149 259 201 219 192 97 214 18 
47 154 16 256 10 149 123 29 112 26 85 66 185 19 14 5 106 183 120 201 
337 179 193 374 17 87 57 28 321 161 110 8 54 234 383 151 278 26 251 245 
81 208 120 204 177 45 230 77 175 211 114 203 59 137 110 14 32 51 56 205 
93 9 25 92 194 159 95 142 185 5 180 148 128 204 195 39 112 212 170 173 
43 169 31 220 263 144 218 233 60 149 190 46 211 209 36 24 103 79 202 125 
23 137 237 256 282 85 153 7 56 161 149 211 283 97 293 163 17 69 285 274 
17 147 213 83 21 175 100 139 81 24 169 101 174 4 74 59 5 27 123 151 
2 18 22 5 9 35 46 34 21 33 49 41 39 57 37 44 23 59 36 4 
110 186 180 140 34 76 206 32 49 98 102 35 108 44 187 81 136 142 78 147 
8 15 236 190 232 228 209 102 128 34 199 130 141 27 184 104 42 16 164 58 
194 166 0 20 193 10 12 11 151 79 208 154 22 203 146 99 8 181 105 163 
139 36 199 119 22 187 113 29 198 92 85 68 5 41 180 150 188 207 67 97 
31 223 50 169 193 30 203 87 102 184 79 48 40 101 88 164 165 103 177 111 
78 127 176 128 43 7 172 146 147 161 205 84 54 165 77 58 152 57 199 156 
78 248 136 81 109 114 77 72 156 66 96 92 134 29 10 1 229 45 160 22 
165 258 109 24 76 53 228 217 187 75 63 145 239 201 112 177 193 261 74 196 
141 203 257 130 91 212 49 124 151 133 378 336 235 206 386 41 239 351 187 310 
42 4 165 136 57 11 41 79 104 84 49 21 236 13 78 160 148 199 184 31 
203 134 58 144 74 67 101 85 10 65 188 79 122 42 49 69 62 78 45 3 
44 247 254 47 26 43 91 27 99 60 29 175 160 142 218 249 111 198 134 138 
272 286 54 309 7 18 95 222 9 141 262 52 153 297 258 68 288 42 251 59 
131 176 62 65 49 133 181 189 48 170 29 117 98 141 114 76 59 179 46 129 
25 30 14 52 22 33 24 9 6 20 38 17 3 1 56 47 12 39 0 13 
72 89 200 108 6 169 105 61 113 162 96 44 110 30 98 184 118 45 94 28 
75 160 188 242 175 163 88 129 125 214 11 19 240 245 3 153 182 206 232 21 
113 161 138 54 84 194 160 25 144 76 52 181 124 234 238 85 139 69 219 4 
77 107 6 180 179 119 89 59 126 106 136 166 120 129 144 83 201 51 53 44 
107 12 104 213 181 110 123 180 47 223 13 197 112 176 218 50 186 195 147 38 
81 25 217 0 189 186 7 41 122 85 119 132 167 169 184 183 88 188 12 120 
13 6 179 34 102 9 187 209 129 219 0 51 101 270 168 109 141 276 156 225 
95 234 231 205 76 253 45 71 32 57 67 21 225 252 213 155 237 230 256 202 
49 326 142 93 138 390 58 295 320 36 321 296 216 299 91 249 260 253 206 43 
158 4 143 227 226 164 14 1 45 155 202 44 122 147 52 56 233 163 160 110 
103 149 150 28 146 178 134 35 27 81 14 4 190 76 77 105 142 209 33 132 
197 86 219 42 52 90 6 95 89 103 237 76 143 112 253 206 150 244 154 217 
275 97 42 267 56 150 22 144 106 130 192 171 51 71 33 289 271 44 157 319 
83 116 227 20 174 152 181 46 156 91 200 35 138 135 228 161 26 191 199 58 
28 29 36 14 3 4 8 19 23 18 7 17 35 51 48 47 55 40 1 32 
107 96 62 169 28 12 144 162 197 35 49 122 151 173 27 50 195 55 128 60 
109 156 168 222 203 84 61 118 200 107 114 141 55 98 27 46 223 198 67 138 
151 146 202 238 219 8 37 234 33 69 124 51 165 239 139 158 217 147 200 28 
57 44 51 78 166 169 40 206 180 195 130 31 99 118 111 184 30 141 1 191 
68 8 118 80 108 11 115 92 145 126 144 135 181 52 99 159 124 187 162 54 
126 19 53 156 147 62 108 141 218 67 125 18 206 33 104 75 179 109 44 8 
187 9 193 39 147 106 41 248 185 196 191 217 95 33 241 194 269 113 174 266 
177 104 54 181 231 201 127 122 163 237 225 211 162 240 79 92 97 245 22 77 
157 297 282 169 10 229 160 186 136 323 280 117 198 74 268 109 110 329 218 333 
238 70 98 105 111 48 169 26 18 242 216 234 117 115 76 176 56 73 13 3 
196 151 25 204 184 0 199 167 206 36 12 97 56 10 125 103 45 71 82 23 
42 33 232 186 3 30 136 228 10 158 251 216 121 26 143 169 201 224 52 215 
115 255 171 13 183 18 95 262 254 74 173 203 142 119 209 229 218 52 178 227 
39 38 106 166 202 128 187 168 95 14 219 46 174 125 10 65 198 141 185 118 
54 9 33 52 0 53 30 57 56 55 1 4 26 27 38 59 43 18 42 21 
42 126 20 26 46 138 121 41 49 94 59 2 91 172 28 55 208 159 136 80 
108 191 153 16 196 220 159 216 110 106 162 225 92 242 233 117 65 161 204 70 
75 8 135 4 92 231 31 213 124 57 159 99 14 22 59 69 36 162 194 119 
17 120 151 136 74 69 141 49 163 88 15 206 86 207 160 80 155 50 6 94 
132 8 57 55 77 162 6 26 9 177 221 123 111 167 133 204 137 194 76 213 
34 158 168 68 87 43 174 47 210 31 36 98 175 90 5 127 114 196 156 140 
55 105 189 219 45 206 111 173 80 72 262 136 256 34 241 145 148 15 144 224 
10 163 122 164 87 183 255 11 39 167 55 191 90 41 125 235 206 169 92 137 
194 295 133 86 219 202 267 168 101 28 126 345 284 306 231 347 369 174 20 265 
185 146 154 48 187 235 158 238 197 194 46 148 19 122 140 202 62 176 0 157 
38 19 102 124 52 131 94 110 189 214 160 98 129 163 200 49 141 162 111 197 
266 106 23 180 153 198 67 263 151 104 229 131 112 62 155 93 123 231 22 172 
193 80 24 68 71 130 313 205 246 42 169 297 50 196 102 222 65 287 129 11 
113 89 41 45 146 66 157 188 2 226 134 67 127 69 34 73 159 135 108 182 
35 21 54 40 1 42 2 14 39 38 23 12 7 16 56 41 59 47 8 6 
63 156 203 65 97 183 191 91 125 126 180 16 8 0 196 55 29 109 15 12 
25 201 105 164 187 211 91 52 11 2 45 50 65 207 125 162 39 183 246 169 
145 97 18 119 65 113 152 93 1 126 94 217 103 85 149 167 92 37 148 78 
23 145 82 86 90 59 27 73 161 29 116 169 109 170 37 89 88 122 12 165 
19 61 182 54 60 124 138 194 197 160 0 119 135 148 183 31 218 101 38 17 
70 201 119 209 170 62 21 71 147 203 155 204 47 35 11 18 88 131 164 134 
159 136 157 202 186 125 70 98 258 199 252 224 132 210 182 268 205 51 150 126 
127 156 111 84 51 109 242 217 223 150 214 232 37 253 205 131 174 128 125 208 
89 17 231 352 81 390 67 131 236 129 126 327 334 328 57 201 101 373 118 164 
242 96 219 143 44 209 160 221 75 188 167 128 208 107 93 23 133 224 158 141 
86 211 70 111 141 45 0 93 99 131 165 96 74 84 95 219 183 190 49 9 
159 217 206 224 45 111 23 243 113 82 187 155 230 51 12 39 150 47 24 218 
6 122 258 110 318 90 17 268 142 128 257 207 185 159 298 259 232 78 305 74 
49 22 136 146 115 161 169 210 27 171 19 63 224 119 111 189 110 209 200 149 
14 45 18 19 11 46 1 40 38 36 28 24 13 16 10 39 3 35 34 37 
25 35 112 13 87 61 139 15 201 126 101 192 26 175 43 151 118 85 106 115 
40 2 201 235 150 102 142 184 36 189 244 161 187 76 154 212 164 23 231 227 
170 98 193 164 80 55 54 38 58 151 87 14 59 33 107 61 66 172 196 63 
128 15 80 32 77 179 159 11 117 41 176 201 86 38 63 79 207 100 64 76 
159 184 182 103 107 165 62 40 190 54 32 220 123 78 27 46 41 52 189 214 
39 161 41 145 87 37 22 12 83 144 214 72 104 106 58 23 153 60 177 210 
3 247 61 76 118 252 243 115 222 132 184 234 258 62 200 24 104 231 83 249 
69 115 209 79 101 125 227 157 196 16 45 60 221 226 22 194 9 100 93 129 
359 28 33 165 312 47 271 361 93 376 14 186 298 258 84 140 288 274 53 270 
145 122 34 64 56 163 127 115 217 143 225 101 155 119 45 32 83 193 232 108 
139 22 88 55 124 169 72 199 162 9 4 35 90 21 126 185 78 195 20 131 
259 77 176 59 172 160 73 132 70 76 108 61 97 264 258 256 66 266 81 95 
94 224 238 138 111 24 243 275 119 163 135 181 313 220 152 113 241 283 190 265 
79 178 108 162 56 114 189 153 139 142 146 86 131 180 144 28 147 65 35 217 
52 38 33 2 45 47 8 53 17 5 25 9 0 55 12 7 18 27 13 3 
40 212 114 87 117 89 143 18 165 174 127 124 85 50 128 90 153 103 186 86 
207 12 20 238 80 131 210 33 198 106 52 85 32 142 48 1 180 134 108 122 
151 112 74 88 130 42 62 185 54 239 68 67 56 37 202 45 188 122 117 108 
124 97 200 2 27 131 139 202 172 182 196 40 44 93 73 136 67 65 110 152 
156 76 117 11 137 121 126 102 12 145 17 26 33 142 114 108 176 113 212 181 
121 125 88 215 152 107 52 97 76 18 23 218 93 174 103 89 168 191 104 184 
144 261 150 252 63 167 105 76 263 24 89 137 98 37 139 35 210 20 192 217 
114 1 13 130 113 15 77 43 26 250 252 249 71 171 182 253 244 82 123 85 
20 35 275 17 335 1 51 138 213 389 135 337 47 26 366 376 36 291 80 309 
103 205 63 123 198 3 232 137 177 95 140 98 131 36 37 42 105 40 5 77 
89 50 104 86 20 14 6 170 108 129 53 175 210 126 31 179 83 186 58 147 
74 259 78 132 26 167 195 178 104 148 255 81 206 101 39 92 113 264 112 237 
61 33 161 283 115 136 296 112 200 150 125 138 5 319 75 236 274 48 197 173 
162 45 115 123 94 161 124 165 11 2 219 29 201 183 141 79 77 155 134 30 
20 21 11 0 52 42 45 56 57 34 35 36 5 53 54 49 15 29 3 18 
14 203 208 161 39 194 20 102 178 140 134 92 135 45 78 66 82 76 156 64 
169 44 91 238 95 7 15 59 129 36 160 192 6 71 65 222 43 55 180 27 
91 84 3 159 156 10 116 152 85 74 167 41 73 36 230 43 0 217 96 193 
195 159 188 155 169 151 171 118 189 35 115 17 126 48 85 29 160 203 2 179 135 157 5 190 68 93 41 44 96 42 178 106 6 4 92 26 100 183 67 165 139 131 119 80 182 95 94 204 170 194 
154 111 168 140 83 120 221 200 119 79 109 167 145 197 96 183 153 20 87 128 173 121 207 122 41 86 165 220 211 184 126 38 179 76 218 64 202 108 10 105 17 81 54 52 180 191 16 70 85 176 
58 18 0 193 130 95 15 106 37 208 83 26 16 217 62 30 173 7 179 69 94 35 9 209 88 31 42 113 21 82 67 137 155 6 22 154 54 103 84 151 107 203 115 46 191 145 156 32 66 185 
63 113 72 174 178 253 239 69 129 163 189 177 71 68 124 238 279 217 140 245 148 183 146 37 214 160 254 159 256 120 144 200 83 153 118 55 45 216 4 70 194 73 40 47 46 193 199 278 49 79 
40 187 39 176 27 142 236 21 241 171 94 15 19 183 230 190 116 118 189 43 91 98 86 166 202 225 159 56 210 96 13 41 259 216 26 260 213 123 193 161 252 158 77 215 222 150 153 162 47 31 
232 193 319 147 214 155 16 307 263 349 111 162 94 104 15 234 139 185 183 129 326 154 112 178 292 165 250 215 375 286 56 237 38 55 161 278 269 186 346 198 335 156 271 146 362 340 199 11 133 268 
46 59 234 117 192 164 84 36 18 199 242 85 133 24 236 132 8 238 90 93 57 54 175 106 230 19 212 167 152 219 166 204 77 156 25 202 134 229 43 122 3 233 215 149 73 7 100 231 71 80 
206 134 161 182 18 164 150 17 136 39 154 118 59 67 152 93 83 34 84 153 112 96 6 5 51 137 180 123 179 23 38 156 52 66 4 216 29 115 114 183 158 9 65 14 12 131 197 148 61 42 
205 142 230 120 89 161 91 41 254 76 78 244 55 176 108 246 216 90 33 53 206 25 84 247 234 85 80 20 56 239 264 208 131 111 36 148 253 218 248 242 34 166 30 199 256 74 155 186 141 48 
169 25 108 304 14 280 68 319 187 211 162 317 6 305 171 88 155 270 279 148 250 135 147 128 134 54 121 294 107 60 43 242 78 206 209 32 273 170 23 103 165 1 57 65 17 197 30 102 224 125 
189 42 141 138 222 75 51 104 93 140 143 34 84 9 165 215 204 154 55 85 112 106 15 87 201 192 185 149 56 131 76 102 155 41 58 107 167 116 172 36 119 27 38 124 50 148 208 213 90 188 
10 9 19 49 40 27 57 58 6 31 35 21 36 0 48 28 37 38 42 3 45 39 1 24 26 12 14 11 8 56 7 18 5 22 52 13 44 47 4 53 23 30 29 51 20 15 2 41 32 16 
55 164 82 23 116 212 127 145 171 40 117 89 199 0 75 61 152 63 155 156 186 118 195 134 115 129 184 53 107 183 58 138 176 39 10 32 80 113 30 151 162 87 181 112 65 206 136 88 153 29 
11 146 140 22 5 105 244 115 138 228 159 183 24 151 45 64 229 39 193 198 207 210 133 128 157 188 16 167 112 214 161 119 92 171 66 231 28 160 223 182 20 8 30 147 242 43 62 166 139 103 
86 17 218 170 84 178 169 44 159 95 151 126 236 194 99 60 213 36 148 80 139 157 18 88 202 186 35 71 226 184 165 39 43 91 24 42 135 128 109 61 206 105 3 142 217 144 29 51 93 41 
173 152 120 50 9 62 153 179 45 86 207 0 2 37 36 130 200 157 113 68 91 174 150 60 73 100 133 90 97 148 205 142 202 115 7 33 57 66 47 126 162 187 160 154 78 178 87 1 5 88 
101 211 89 68 113 121 212 88 132 191 55 100 24 60 168 7 119 5 40 53 166 170 31 188 98 123 117 82 75 47 218 201 81 59 49 146 110 206 25 145 86 219 157 76 149 154 72 9 63 200 
19 64 121 186 190 91 3 161 21 52 151 179 97 115 22 196 155 103 136 93 81 144 5 123 51 203 92 95 201 146 73 70 69 44 185 50 216 68 126 167 75 139 218 197 27 33 77 25 18 192 
85 219 201 225 110 153 166 276 165 169 142 152 141 120 155 264 195 233 128 83 251 53 226 203 6 217 156 22 183 192 102 45 271 275 131 107 265 69 65 93 267 23 15 200 262 21 144 207 90 56 
172 164 110 176 54 14 237 262 252 44 7 146 196 75 197 77 250 71 25 106 160 99 16 185 139 20 105 253 68 217 88 258 202 171 11 125 204 89 208 144 109 102 232 157 27 98 45 49 239 245 
262 251 188 311 153 308 165 365 294 207 342 164 99 335 21 64 261 81 334 312 266 90 170 299 2 380 73 302 158 61 320 120 358 269 325 283 94 103 275 344 125 260 276 166 297 219 273 287 383 66 
202 20 25 28 221 59 18 108 91 69 241 188 165 124 192 52 22 147 141 198 79 134 54 10 182 187 178 175 132 216 160 97 113 215 193 206 32 2 33 209 8 76 176 213 24 21 236 85 5 169 
143 204 203 9 217 211 77 18 205 58 176 105 26 100 191 190 129 79 218 150 117 198 114 70 47 112 48 68 45 192 32 96 159 88 116 39 179 0 133 111 60 139 135 1 185 99 124 180 186 174 
102 223 17 182 155 249 259 21 258 91 131 94 61 184 81 75 226 7 147 145 146 138 167 87 116 90 47 213 197 198 181 251 252 23 6 139 124 210 9 76 33 58 52 123 112 163 221 110 186 162 
262 201 149 72 8 165 293 311 89 34 28 229 113 99 105 50 140 179 148 270 180 218 100 272 125 199 27 121 45 204 292 30 142 213 4 225 235 25 202 296 257 68 32 56 23 170 134 258 39 14 
115 187 228 178 142 212 120 22 58 166 48 132 84 51 12 108 156 215 106 43 23 204 76 102 87 211 137 69 154 167 90 180 44 161 195 82 56 26 207 179 2 1 78 223 188 164 185 193 121 168 
2 35 0 22 56 25 6 47 31 40 23 21 4 43 49 12 32 20 8 45 29 50 10 26 15 54 48 19 7 51 34 57 11 42 55 53 14 37 28 5 46 27 18 17 38 16 3 33 24 52 
40 75 201 132 209 199 161 23 20 93 43 89 135 3 66 194 157 166 82 204 143 41 83 36 131 0 95 51 114 65 154 160 100 176 137 128 198 97 179 151 22 147 127 5 140 148 122 107 138 171 
209 164 5 12 212 17 124 141 105 150 109 100 181 85 179 76 33 206 234 72 112 29 110 70 182 153 170 55 241 240 201 200 233 139 75 92 137 98 191 215 216 169 142 78 195 128 103 48 96 44 
220 238 94 15 91 196 188 3 61 125 136 59 69 26 45 60 77 93 172 58 127 55 92 193 54 124 8 157 73 115 145 151 120 179 215 2 147 119 22 109 169 40 12 129 239 42 103 30 132 207 
54 90 104 175 34 132 81 55 160 12 204 190 27 183 134 200 143 21 169 178 166 25 73 3 180 35 126 42 202 173 198 137 88 62 118 103 197 52 153 159 22 155 78 136 107 98 196 182 120 85 
114 178 162 22 63 188 12 70 96 104 75 135 84 102 127 101 23 81 1 55 185 189 64 5 83 167 198 90 82 69 145 26 29 88 201 118 128 39 200 80 134 62 204 113 18 217 211 149 165 161 
107 48 166 13 66 44 122 149 15 120 54 138 63 94 192 177 31 95 70 156 75 60 73 169 200 206 93 50 56 49 14 11 61 4 59 109 197 47 210 140 8 145 29 168 193 121 125 183 24 81 
133 204 32 11 104 137 90 116 40 199 51 100 152 250 140 135 170 179 4 247 108 94 178 65 155 251 34 159 217 126 231 264 198 158 3 73 270 142 180 129 37 189 255 52 143 82 160 117 237 174 
257 143 157 70 135 112 58 224 247 101 209 6 179 186 39 78 121 171 259 252 167 60 68 71 192 213 155 91 216 3 177 22 229 238 165 49 170 13 115 232 164 190 138 242 139 230 258 253 243 57 
329 310 258 111 244 134 52 5 9 268 286 290 284 271 161 41 349 381 138 320 263 103 124 163 35 84 117 222 20 298 296 285 305 129 354 259 13 364 107 180 217 221 358 187 61 336 234 118 149 155 
45 137 43 67 150 15 176 65 194 110 102 244 29 212 205 5 152 48 188 164 28 215 52 203 21 239 100 62 42 225 221 161 189 75 143 119 99 23 106 18 105 88 172 207 157 175 112 180 122 87 
194 170 186 203 212 30 155 80 164 95 79 218 171 101 52 43 130 149 36 9 87 106 139 183 201 27 40 78 1 115 47 161 39 35 53 68 124 217 123 85 156 143 166 121 120 193 69 24 75 96 
4 159 198 29 212 163 249 256 45 162 145 155 264 188 258 179 83 90 14 76 1 217 223 243 234 113 251 168 119 101 104 242 140 129 82 265 150 139 24 91 118 19 195 151 193 152 224 63 89 32 
273 36 55 205 166 145 232 225 51 207 256 28 162 245 254 313 53 150 64 25 167 22 114 303 260 183 115 168 176 27 89 235 79 37 120 217 274 126 98 210 0 283 131 71 11 247 24 30 81 284 
125 158 88 23 138 191 208 54 103 120 55 190 114 15 127 172 188 24 179 117 82 110 63 131 215 185 8 203 51 229 119 176 204 44 198 26 143 163 99 30 29 227 177 20 87 159 33 153 95 170 
41 24 2 39 15 21 57 13 6 28 27 10 31 35 34 58 38 42 37 11 3 17 43 51 25 59 36 45 26 4 49 22 5 19 56 48 7 53 16 55 44 23 54 33 9 50 1 46 14 18 
165 210 9 118 139 179 21 170 107 201 140 52 41 186 88 130 185 117 30 114 31 108 85 20 6 18 89 0 177 142 110 36 46 212 112 111 191 132 11 22 162 50 7 17 38 204 78 66 115 123 
141 111 175 233 84 237 185 96 215 127 40 126 82 68 199 57 20 244 31 239 140 219 224 97 149 207 34 135 61 3 168 99 24 17 102 43 225 144 19 155 105 122 172 51 218 192 124 240 36 151 
212 29 200 70 189 145 147 115 33 32 169 123 235 121 222 88 162 69 47 107 72 38 65 22 112 194 116 66 193 210 203 180 35 146 118 174 76 187 138 95 233 108 58 55 211 150 125 6 74 97 
31 109 101 68 167 114 94 2 77 6 87 92 73 165 145 40 117 202 89 136 30 127 205 113 128 49 81 185 137 72 43 29 4 200 37 8 151 110 152 129 97 171 182 28 175 154 18 27 104 3 
80 223 127 150 60 112 203 92 51 147 53 105 153 181 126 140 188 99 217 33 177 77 211 114 202 116 117 79 169 86 199 198 221 212 209 141 52 161 163 139 24 34 154 190 173 103 30 220 7 0 
212 126 157 115 125 124 161 173 70 46 13 54 139 194 69 0 61 141 127 184 130 207 193 93 74 216 146 112 89 149 22 80 84 8 56 21 102 101 55 148 5 198 186 19 12 97 71 58 18 83 
161 182 116 187 22 232 209 73 205 176 193 17 177 206 183 1 32 130 138 269 87 110 123 44 218 128 197 121 38 7 203 184 102 150 39 66 75 70 63 230 200 36 152 240 149 180 3 30 157 159 
66 214 253 32 254 36 245 98 209 31 241 15 130 107 97 184 81 181 221 56 12 142 242 20 7 100 96 126 160 170 45 215 90 169 3 168 217 231 95 148 103 236 159 220 190 46 185 67 115 22 
325 277 249 82 113 63 225 267 345 119 218 158 340 172 246 342 44 92 316 233 280 140 234 331 43 237 281 236 215 201 377 51 241 307 98 34 264 196 130 125 129 309 303 29 85 40 41 368 83 137 
29 66 75 123 242 58 12 49 127 86 223 89 104 0 52 234 157 5 68 111 201 14 124 90 20 69 18 195 101 55 182 64 224 159 153 105 212 80 30 46 59 83 139 81 110 240 211 88 96 179 
119 4 205 164 150 45 2 127 77 86 68 23 76 101 186 210 184 63 30 36 146 47 194 155 57 100 15 204 89 174 43 213 109 21 9 203 18 209 152 104 103 94 218 66 87 69 133 199 219 140 
236 48 128 195 116 149 60 130 115 160 159 8 5 157 153 212 183 40 162 46 86 50 227 188 78 68 27 34 258 29 77 161 41 201 79 145 215 244 184 66 7 173 146 106 208 265 105 136 58 37 
178 49 279 119 281 46 44 162 78 201 200 229 137 155 180 15 274 258 196 57 263 278 256 138 159 42 310 39 280 204 213 208 27 268 223 151 121 177 224 86 29 53 10 243 199 51 242 161 65 246 
225 112 137 57 71 209 207 7 203 97 85 28 61 8 226 123 132 186 169 81 164 32 106 179 47 74 33 63 190 146 22 181 214 124 75 144 60 199 200 111 23 65 13 113 93 171 163 217 84 3 
48 47 20 28 34 24 46 42 44 56 30 36 51 13 0 22 11 8 18 53 43 21 54 26 31 16 40 15 35 1 57 50 25 32 27 38 59 6 9 58 55 5 3 19 14 39 12 23 4 37 
211 126 103 125 105 175 34 18 46 184 160 144 193 67 28 73 21 199 50 55 8 202 100 207 30 78 81 154 181 2 36 118 159 135 146 165 83 137 208 178 27 87 174 91 200 116 132 164 76 155 
209 199 40 181 218 141 45 203 32 146 3 80 48 192 178 238 124 150 226 16 56 210 127 87 154 234 12 202 167 101 163 38 131 53 122 66 17 43 160 165 11 180 245 168 99 112 73 68 20 7 
206 209 86 80 4 145 81 121 20 231 157 188 130 68 59 201 148 91 127 205 8 162 70 102 228 124 230 175 29 217 66 146 98 122 140 149 37 147 99 164 150 40 199 192 41 237 167 129 65 208 
43 124 94 168 181 65 119 39 107 141 70 142 25 114 33 205 21 154 100 167 15 115 176 126 177 146 122 183 60 204 68 116 125 102 51 35 196 61 75 175 56 59 186 85 179 79 145 200 207 8 
139 160 4 169 208 28 67 86 72 66 34 88 189 128 191 164 56 209 68 172 54 22 17 62 133 42 98 41 32 147 137 9 93 10 38 199 43 136 71 145 134 223 123 101 201 57 20 114 99 198 
58 102 143 186 65 95 118 189 19 28 66 130 108 180 131 165 191 122 77 148 150 83 14 111 38 74 100 197 160 193 94 115 71 178 218 212 113 176 174 109 84 157 0 5 167 144 72 128 79 142 
174 15 214 175 263 148 229 171 160 164 168 203 31 114 139 182 19 130 10 192 211 152 26 135 118 267 75 145 243 194 63 225 219 35 254 165 245 156 3 73 239 246 249 97 144 279 183 47 113 16 
96 130 97 139 262 150 20 169 220 124 28 147 176 52 114 221 175 181 94 249 99 194 185 263 14 85 46 81 122 261 82 70 211 238 152 78 168 240 72 15 206 116 91 207 146 162 219 141 205 55 
382 53 28 374 297 362 36 282 359 280 342 47 63 154 258 327 151 311 86 372 156 223 226 64 128 379 348 317 203 135 235 255 66 120 9 325 0 305 277 318 303 234 349 178 197 163 375 32 111 138 
116 6 59 24 97 242 194 240 94 80 191 239 192 30 200 10 231 124 147 81 27 228 190 69 146 208 134 29 213 204 77 15 60 39 131 138 79 107 37 68 148 73 102 178 92 139 91 85 1 103 
190 102 86 114 67 78 14 156 87 206 12 37 107 116 166 35 30 84 110 92 198 120 11 160 76 144 70 40 216 170 97 60 69 112 161 32 17 16 93 182 157 18 199 34 2 3 104 215 89 130 
81 36 33 116 70 64 92 215 152 82 93 124 84 95 130 210 158 101 74 228 143 115 240 139 202 28 214 90 168 29 219 144 235 18 253 176 106 99 72 44 9 126 98 249 14 237 129 49 16 96 
201 220 273 86 48 272 274 202 244 78 6 92 297 69 7 156 311 150 96 63 169 44 97 105 199 295 238 53 65 61 289 204 203 319 215 310 43 9 25 242 226 256 179 144 24 75 11 196 18 136 
163 137 190 223 50 95 130 4 211 212 18 164 109 59 131 41 139 42 51 227 175 46 126 16 135 195 12 128 188 7 21 141 173 209 64 32 185 171 133 155 28 29 179 82 207 83 124 197 199 159 
41 42 24 31 5 17 4 47 11 7 8 16 26 13 20 37 57 1 38 2 10 14 35 54 29 45 33 43 56 48 28 23 46 21 18 53 59 22 49 32 39 52 9 12 34 3 25 55 58 30 
158 193 150 105 60 83 135 202 35 113 0 140 176 142 194 2 152 73 45 15 178 91 98 207 28 88 47 183 106 1 174 27 144 131 107 31 48 139 192 18 143 21 46 161 96 7 16 68 180 25 
115 176 103 37 159 69 211 218 114 241 7 46 151 82 146 212 121 13 101 61 83 102 78 216 4 118 124 170 71 137 135 192 150 30 104 90 63 38 184 93 48 44 0 246 62 59 27 51 143 57 
213 109 43 20 201 140 32 39 26 178 69 233 220 106 28 38 154 131 119 75 236 142 137 50 120 157 107 30 52 6 105 9 143 199 7 117 21 24 58 65 152 54 79 15 125 63 67 56 194 93 
12 135 206 184 202 18 142 143 174 51 201 70 205 179 144 159 193 84 104 25 167 21 13 29 82 108 169 155 138 153 149 185 102 26 75 198 100 117 8 136 48 19 173 73 52 158 192 147 150 14 
74 146 97 105 72 77 51 69 193 8 41 195 65 131 36 172 98 165 168 173 201 64 49 7 150 221 95 182 171 154 218 222 174 145 71 198 61 40 209 137 130 166 153 127 132 136 121 67 192 134 
190 153 217 144 17 135 33 155 47 19 2 164 68 60 177 79 199 137 45 23 143 59 29 202 7 169 61 133 218 134 136 15 73 163 81 214 156 174 116 160 58 74 180 114 27 11 140 28 10 201 
253 16 24 122 185 76 239 149 145 192 269 12 65 220 180 146 196 276 198 79 254 156 264 201 58 161 195 0 206 134 102 21 81 184 9 236 160 129 128 49 71 173 66 243 221 63 82 203 60 247 
158 50 187 55 88 124 18 34 142 167 250 97 224 98 249 138 141 89 135 78 0 262 156 201 159 17 205 217 125 154 247 197 36 198 261 260 200 66 13 35 170 212 63 25 54 202 4 146 243 22 
79 247 339 89 330 323 233 132 86 221 96 174 206 64 262 312 266 300 48 103 288 205 131 97 138 102 282 383 27 356 281 364 211 208 373 160 296 80 308 352 326 16 52 347 236 53 105 311 348 190 
226 231 164 81 219 145 146 113 107 143 67 156 203 232 209 172 63 205 141 85 76 33 212 126 142 185 23 27 115 129 213 83 71 174 93 136 235 112 138 217 190 16 55 152 159 208 45 238 60 31 
3 106 104 128 37 192 148 185 57 202 127 59 213 206 196 187 126 76 81 176 96 175 174 154 51 40 197 153 189 91 70 48 111 26 17 95 139 60 54 99 209 86 87 101 123 207 152 149 134 159 
39 181 89 125 140 226 90 254 132 187 42 203 248 198 49 115 36 245 51 136 243 263 204 221 98 177 77 185 131 124 68 27 6 80 235 141 69 186 114 206 182 12 246 159 195 170 63 33 60 172 
17 302 197 225 143 295 242 68 29 7 72 18 226 177 67 118 138 26 170 179 39 319 152 288 73 188 53 61 136 222 184 263 83 300 3 249 176 213 155 135 294 235 146 58 301 60 113 285 203 45 
196 119 192 115 146 228 11 2 162 75 78 102 0 168 37 90 17 220 142 211 165 20 224 77 96 21 84 51 57 226 135 63 113 19 221 26 153 85 173 137 174 39 134 182 83 25 52 207 179 163 
45 30 36 9 7 38 21 46 42 6 28 23 18 43 10 33 15 48 35 41 11 25 51 12 22 52 57 59 56 3 14 17 49 13 24 0 54 58 32 31 1 37 20 4 27 5 47 26 55 53 
99 66 96 207 164 52 6 82 91 16 123 103 69 143 204 147 48 155 162 9 128 173 54 144 177 185 195 113 22 105 102 97 13 188 0 87 137 124 154 84 3 196 83 156 152 53 92 18 122 111 
154 90 240 62 44 167 221 91 130 243 103 160 51 197 211 75 199 185 189 202 47 39 22 117 165 20 214 138 9 110 190 37 53 144 219 19 170 188 238 10 225 16 66 174 195 82 63 86 93 223 
153 221 152 49 126 41 59 105 61 100 155 202 104 157 222 60 188 34 143 80 17 227 98 78 68 233 206 46 162 211 226 30 1 161 42 168 207 174 21 44 51 223 225 230 136 72 115 32 139 238 
66 82 205 113 88 85 99 1 134 141 163 55 203 122 11 133 7 98 191 97 131 37 101 143 153 3 200 51 78 48 116 49 96 202 5 171 67 61 105 32 83 27 16 208 46 9 103 6 182 62 
181 134 9 58 146 158 47 27 149 22 164 61 38 19 123 6 180 13 43 184 186 52 108 161 211 94 156 75 153 106 98 87 80 78 148 32 115 51 159 84 216 120 59 169 1 33 25 188 73 200 
78 83 108 62 165 84 4 157 17 135 31 184 153 200 114 16 142 71 48 7 152 203 169 47 125 190 75 98 41 0 52 218 162 12 127 217 112 151 50 53 95 216 35 208 11 172 106 32 134 171 
269 212 83 181 220 42 28 191 68 197 84 245 158 196 109 129 236 258 133 58 274 97 5 74 118 242 261 37 16 11 167 214 218 209 20 169 44 205 64 164 233 77 248 107 100 50 268 250 194 200 
122 91 45 62 11 147 83 107 194 257 95 206 143 145 90 125 139 35 75 182 150 21 123 228 131 210 154 218 231 211 222 135 55 250 70 144 132 34 146 169 96 12 157 239 185 71 220 36 116 224 
264 15 340 233 102 72 274 301 255 382 36 368 58 166 258 129 88 105 378 353 34 33 339 291 12 193 346 42 373 175 229 387 359 81 342 196 271 197 169 144 35 376 82 100 237 244 223 96 371 202 
14 182 186 145 200 175 62 50 146 41 125 144 148 142 216 127 117 17 16 66 234 136 152 124 107 239 154 205 173 179 213 230 195 80 111 72 60 189 225 140 149 222 29 35 109 25 187 63 96 171 
104 30 23 58 84 43 126 64 111 42 9 93 15 20 139 147 37 89 57 27 133 38 73 51 199 106 202 39 55 206 86 88 158 122 12 173 204 140 22 10 163 61 103 121 165 34 117 192 77 100 
134 257 219 129 137 85 79 232 212 175 87 158 192 204 151 172 171 209 56 191 211 220 49 25 253 224 190 169 30 118 154 67 143 33 193 157 6 7 114 109 216 71 251 32 252 229 240 94 116 103 
55 22 70 168 136 242 99 296 197 161 147 78 101 316 72 170 269 230 63 1 19 226 117 151 14 225 252 20 302 148 201 268 137 211 290 124 279 93 239 304 82 156 7 309 158 306 267 52 80 12 
22 60 120 106 197 69 145 105 64 118 93 219 209 158 150 11 148 72 151 33 160 104 168 59 47 88 185 61 48 18 27 83 132 217 49 121 81 44 137 3 124 133 220 142 102 0 94 130 175 155 
34 57 13 48 15 52 44 18 0 58 6 32 11 59 24 50 35 30 28 47 20 37 5 55 45 22 43 29 7 8 51 41 36 1 3 4 26 10 14 42 33 49 2 53 17 40 23 31 25 27 
60 13 110 32 155 53 26 24 133 188 137 184 41 134 198 131 42 38 197 30 156 168 136 113 140 12 21 130 96 16 11 154 99 43 51 199 182 115 31 71 209 90 158 175 8 193 126 5 148 167 
8 12 235 37 234 152 223 112 77 101 189 22 221 45 186 123 195 240 200 109 5 216 171 46 220 168 49 141 6 192 87 172 92 99 47 48 65 96 145 218 181 91 102 177 23 148 196 95 226 66 
27 25 207 154 129 193 163 33 47 42 167 121 26 173 31 9 86 217 190 12 123 103 236 79 238 125 117 164 85 4 197 153 177 99 183 77 188 229 93 162 116 11 152 180 84 41 43 213 171 14 
147 99 117 30 71 77 61 180 109 142 141 24 18 19 5 144 197 28 128 44 70 26 67 80 57 184 153 27 134 32 106 43 114 64 200 62 129 156 107 96 168 115 140 40 179 127 163 42 118 203 
68 71 159 187 93 67 74 145 21 137 202 69 38 11 60 2 209 116 96 102 140 143 52 6 25 119 31 214 26 149 91 83 27 223 205 13 177 193 88 158 204 29 1 170 47 46 61 23 80 22 
122 181 126 8 104 54 170 95 1 174 215 83 14 39 28 102 61 140 167 213 63 60 116 7 66 59 106 208 209 90 183 15 127 29 205 19 121 84 160 136 162 182 119 36 22 100 96 117 74 6 
26 18 274 141 75 58 192 236 177 88 150 145 128 52 258 4 211 160 11 122 213 13 64 28 272 34 249 112 65 140 181 70 206 121 273 123 37 111 218 106 82 127 172 234 102 57 73 147 164 114 
262 245 54 65 82 248 185 209 230 213 253 174 249 187 120 61 219 180 125 195 37 221 183 38 1 128 246 218 201 155 117 139 116 126 89 26 210 236 11 47 23 222 87 49 7 175 121 73 186 176 
19 207 101 246 104 355 208 240 134 181 324 129 162 120 71 188 212 244 25 247 115 385 74 251 64 292 286 159 60 274 151 304 139 191 337 283 221 75 73 257 36 176 285 384 171 352 69 252 380 360 
207 101 152 132 157 141 21 71 150 124 52 95 171 142 30 72 126 24 94 116 243 14 12 241 168 69 220 44 133 224 66 145 111 81 184 210 60 42 53 74 185 204 32 158 9 125 240 78 120 98 
153 124 111 160 218 116 185 206 92 143 45 30 192 23 37 42 101 80 97 88 208 48 125 66 44 69 165 13 144 202 41 20 219 204 53 89 103 115 6 140 59 4 212 90 215 87 34 155 25 8 
135 154 96 92 207 196 69 243 117 55 41 141 148 0 176 181 151 156 229 201 103 132 244 163 93 133 210 27 17 25 121 239 101 45 87 100 145 122 71 75 50 260 6 114 23 241 38 198 44 247 
186 129 86 21 31 149 215 171 305 55 19 225 212 124 151 1 135 222 309 138 297 15 117 206 283 113 239 158 103 173 174 210 191 154 224 219 307 122 60 144 110 319 35 288 61 197 286 306 63 4 
88 161 173 42 75 213 92 219 150 190 130 18 8 110 5 140 44 90 105 164 20 198 171 56 187 222 176 139 79 192 205 68 112 87 89 53 22 69 126 193 4 28 136 153 167 124 214 15 94 11 
45 35 59 36 15 6 11 21 38 3 52 29 26 23 0 17 30 31 43 18 12 53 8 46 24 1 2 10 20 50 16 42 22 7 47 28 57 55 19 56 32 44 27 9 34 37 25 58 5 14 
19 16 1 84 85 168 36 2 30 109 144 149 96 122 44 50 185 188 177 88 77 116 143 106 132 134 198 113 141 205 43 34 171 17 61 23 174 69 190 27 8 117 57 170 150 18 81 160 6 128 
125 110 129 44 10 226 2 132 194 227 169 18 136 49 186 78 104 98 245 23 212 114 197 193 189 119 155 71 162 26 219 123 59 187 0 146 150 217 82 163 92 80 218 68 139 238 72 130 25 24 
62 158 8 18 212 157 47 163 84 231 46 236 197 93 27 90 126 193 89 11 10 223 171 238 54 22 202 25 86 184 105 138 206 196 12 173 75 214 127 1 39 227 95 28 20 40 108 38 142 116 
81 48 116 127 111 69 109 38 26 161 88 191 202 100 16 31 43 96 86 87 142 117 132 204 172 122 11 196 206 60 85 79 155 195 190 184 189 140 192 166 153 164 15 130 123 9 51 119 118 138 
30 187 73 122 148 44 71 86 205 57 139 180 207 27 116 42 8 217 124 11 173 114 206 66 95 43 28 83 162 53 202 170 131 2 184 218 107 117 5 102 110 115 151 130 52 127 103 10 29 75 
21 200 187 98 217 144 58 44 136 130 205 25 60 37 218 30 158 90 97 121 157 52 134 204 101 9 63 11 36 62 114 156 162 172 189 173 153 216 171 179 66 102 154 91 32 59 5 65 167 82 
100 80 265 67 203 44 37 189 260 48 51 242 253 172 267 166 222 202 56 102 115 134 161 272 71 135 96 150 146 30 269 82 15 259 63 127 212 85 3 66 175 208 12 170 24 107 68 27 198 126 
235 220 71 165 172 30 85 135 128 123 192 84 186 78 174 159 59 251 3 176 87 210 169 131 229 161 6 116 2 204 51 34 201 109 56 187 112 198 222 257 94 111 119 76 86 248 28 152 58 11 
99 47 255 210 239 30 57 272 268 343 289 251 22 345 156 315 243 265 246 158 42 372 332 183 242 29 153 32 218 234 39 50 157 306 27 384 94 271 278 269 5 90 250 212 287 66 305 18 88 155 
56 18 244 205 132 128 114 113 105 160 100 59 12 213 187 201 147 151 136 211 221 155 47 11 120 33 177 194 146 81 168 241 50 237 6 31 44 43 130 106 54 24 73 15 66 219 109 182 216 171 
0 42 214 131 23 208 110 19 84 128 120 80 205 167 151 129 54 158 81 14 197 163 72 209 130 68 76 148 117 154 16 75 126 194 162 187 147 137 53 144 140 200 107 7 213 106 4 5 29 188 
145 180 160 90 23 9 135 133 219 49 39 27 194 59 80 158 51 208 21 262 220 221 38 128 17 11 13 148 203 108 99 88 229 25 43 185 70 204 239 85 214 56 45 109 200 121 44 123 47 14 
170 50 200 187 205 244 302 12 225 45 41 215 52 184 218 287 277 104 149 54 207 266 85 274 57 264 84 114 126 199 67 193 233 194 172 314 79 86 201 249 261 278 248 262 158 286 254 82 272 4 
94 67 188 187 120 160 145 183 132 36 19 220 189 38 154 190 224 135 122 54 206 202 146 180 22 62 104 60 186 143 32 49 26 167 213 98 200 57 192 51 82 214 6 28 18 68 117 73 61 218 
22 16 24 12 42 17 39 13 0 2 6 20 59 40 23 38 44 43 9 14 55 54 56 30 49 51 48 18 31 1 26 41 36 58 10 7 45 3 25 57 19 11 53 34 27 50 28 4 29 8 
62 2 128 200 31 196 81 198 43 156 141 147 100 158 55 56 115 0 172 79 20 44 59 211 161 39 202 10 51 6 16 199 148 80 188 163 71 9 151 208 26 12 171 40 87 212 45 38 138 33 
180 72 49 163 109 25 24 87 148 134 161 18 218 8 237 208 155 153 201 186 68 30 73 122 112 97 156 57 151 23 38 61 3 26 113 114 98 174 183 187 104 137 42 105 11 29 230 141 58 228 
155 90 0 220 31 221 209 109 201 151 207 211 28 161 129 132 171 22 108 160 89 206 194 152 215 12 67 115 229 128 106 231 88 154 30 32 124 189 164 175 43 112 82 26 166 113 83 52 188 104 
26 15 74 24 8 60 180 20 191 42 130 62 4 151 144 56 175 205 10 188 204 0 77 123 155 107 45 121 31 108 207 185 172 102 65 141 84 197 198 154 174 51 149 111 76 3 68 160 63 179 
180 145 17 126 215 121 36 79 14 64 86 15 76 220 75 201 1 170 114 61 164 81 54 132 209 175 13 111 82 40 41 25 90 159 12 16 72 103 139 7 156 109 210 23 142 47 56 108 34 80 
190 202 177 101 148 5 180 94 139 178 155 196 44 149 1 96 144 162 166 17 21 97 7 41 45 15 171 79 145 64 2 188 214 168 52 58 66 82 207 51 77 71 138 116 212 38 210 129 110 48 
265 183 165 269 103 105 159 202 250 214 34 10 148 71 43 191 61 268 179 22 213 249 56 54 211 255 130 272 90 97 253 68 66 185 128 201 175 59 188 182 142 62 131 41 0 223 147 140 187 73 
186 63 195 103 231 35 201 224 155 182 122 179 220 50 213 91 86 159 79 81 5 100 244 3 237 173 174 219 229 119 175 93 205 114 121 210 2 198 72 158 151 157 53 104 106 85 96 87 54 68 
279 281 159 223 241 137 157 183 65 62 290 242 41 222 248 103 122 249 57 224 326 146 175 354 135 23 380 93 35 84 388 151 370 358 234 304 212 314 174 313 129 197 11 271 369 0 260 274 285 132 
132 124 182 233 184 148 168 64 41 155 82 244 68 138 58 48 28 176 150 3 144 25 80 206 42 67 114 38 140 26 21 118 215 143 218 181 113 237 37 23 217 106 141 135 92 160 123 193 136 231 
84 13 46 75 9 168 41 114 167 200 151 217 141 27 184 74 108 178 188 10 26 171 138 211 38 81 199 25 22 103 12 76 118 66 193 172 14 135 54 187 156 110 109 139 6 147 214 134 31 159 
6 44 118 107 253 77 21 117 182 150 259 0 87 69 247 209 24 179 239 60 163 234 49 174 9 26 40 189 2 143 161 191 109 98 212 116 90 10 46 89 123 173 27 76 243 205 192 82 45 220 
72 311 319 312 300 24 66 210 150 154 146 131 214 128 93 74 140 235 118 136 234 273 122 220 212 192 130 182 278 265 232 239 194 179 297 81 304 290 84 296 303 225 139 28 173 60 17 236 143 148 
36 8 105 98 37 54 96 18 14 109 77 180 205 160 193 168 25 162 57 121 223 219 52 151 120 30 224 130 143 91 69 211 181 20 194 83 49 124 134 47 12 142 116 173 229 6 118 53 210 45 
1 40 56 30 51 12 46 55 37 35 10 48 2 3 42 13 44 15 47 19 27 6 29 45 31 41 9 32 36 58 18 20 5 34 54 22 0 8 59 39 57 21 26 17 53 7 52 43 4 49 
57 58 16 164 21 79 73 129 82 192 0 14 24 84 49 8 182 105 132 181 137 56 47 95 127 53 150 176 111 139 75 64 117 169 189 74 62 128 31 40 188 55 68 187 54 52 19 99 23 37 
235 161 59 129 226 202 42 22 98 76 120 239 244 233 15 157 86 190 137 60 38 26 94 95 241 123 29 185 201 147 21 209 124 83 44 24 91 136 240 92 115 195 30 156 58 132 192 43 40 112 
214 205 174 65 233 35 231 211 191 129 53 217 207 76 182 45 27 199 11 164 105 112 34 177 79 3 75 86 212 44 190 28 18 168 70 204 138 78 2 145 4 92 227 39 229 29 165 208 127 126 
